Number of strings: 56 56, CI size = 3136
String addressing array alpha: 5 8
0 15 20 21 21 21 21 21
0 0 10 14 15 15 15 15
0 0 0 6 9 10 10 10
0 0 0 0 3 5 6 6
0 0 0 0 0 1 2 3

Alpha strings 56 5
1 2 3 4 5
1 2 3 4 6
1 2 3 4 7
1 2 3 4 8
1 2 3 5 6
1 2 3 5 7
1 2 3 5 8
1 2 3 6 7
1 2 3 6 8
1 2 3 7 8
1 2 4 5 6
1 2 4 5 7
1 2 4 5 8
1 2 4 6 7
1 2 4 6 8
1 2 4 7 8
1 2 5 6 7
1 2 5 6 8
1 2 5 7 8
1 2 6 7 8
1 3 4 5 6
1 3 4 5 7
1 3 4 5 8
1 3 4 6 7
1 3 4 6 8
1 3 4 7 8
1 3 5 6 7
1 3 5 6 8
1 3 5 7 8
1 3 6 7 8
1 4 5 6 7
1 4 5 6 8
1 4 5 7 8
1 4 6 7 8
1 5 6 7 8
2 3 4 5 6
2 3 4 5 7
2 3 4 5 8
2 3 4 6 7
2 3 4 6 8
2 3 4 7 8
2 3 5 6 7
2 3 5 6 8
2 3 5 7 8
2 3 6 7 8
2 4 5 6 7
2 4 5 6 8
2 4 5 7 8
2 4 6 7 8
2 5 6 7 8
3 4 5 6 7
3 4 5 6 8
3 4 5 7 8
3 4 6 7 8
3 5 6 7 8
4 5 6 7 8

Is hamiltonian hermitian? 1
Implicit Hamiltonian constructed
E(core)= 9.189534427600
H(1,1) + E(core) energy = -76.212353953700
Davidson: iter=0 dim=0 root=0 eigenvalue=-85.401888381300
Davidson: iter=1 dim=1 root=0 eigenvalue=-85.415556929758
Davidson: iter=2 dim=2 root=0 eigenvalue=-85.415923839767
Davidson: iter=3 dim=3 root=0 eigenvalue=-85.415933776946
Davidson: iter=4 dim=4 root=0 eigenvalue=-85.415934051654
Davidson: iter=5 dim=5 root=0 eigenvalue=-85.415934059908
Davidson: iter=6 dim=6 root=0 eigenvalue=-85.415934060248
Davidson: iter=7 dim=7 root=0 eigenvalue=-85.415934060264
Davidson: iter=8 dim=8 root=0 eigenvalue=-85.415934060264
root no. 0 converged
Davidson converged in 8 iterations.
E(core)= 9.189534427600
E(0)= -76.226399632664
FCI Excitation energies = 1
0.000000000000

Vacuum coefficients in CI state 0 = -0.996273454935
Eigenvector 0 in string basis
0: -0.996273454935 seniority 0 ... 5
1 2 3 4 5
 | 5
1 2 3 4 5

Seniority vectors for all roots (nroots/seniority)
1 6
0.996406300177 0.001749119395 -0.994780727672 0.082085295055 1.000000000000 0.000000000000

Calculating transition densities
Root 0 MO occupations numbers (density matrix diagonal)
8
1.999999071854 1.998127313966 1.991734097425 1.995804521948 1.999572213734 0.004101359352 0.004608687208 0.006052734513
Transition densities done:
Trandens between roots 0 0
8 8
1.999999071854 0.000014598855 0.000000000000 0.000019025624 0.000000000000 0.000112956527 0.000000000000 0.000000000000
0.000014598855 1.998127313966 0.000000000000 0.001553478687 0.000000000000 0.006435446623 0.000000000000 0.000000000000
0.000000000000 0.000000000000 1.991734097425 0.000000000000 0.000000000000 0.000000000000 0.008348652525 -0.002701431120
0.000019025624 0.001553478687 0.000000000000 1.995804521948 0.000000000000 -0.011575429472 0.000000000000 0.000000000000
0.000000000000 0.000000000000 0.000000000000 0.000000000000 1.999572213734 0.000000000000 0.000000000000 0.000000000000
0.000112956527 0.006435446623 0.000000000000 -0.011575429472 0.000000000000 0.004101359352 0.000000000000 0.000000000000
0.000000000000 0.000000000000 0.008348652525 0.000000000000 0.000000000000 0.000000000000 0.004608687208 -0.004579289933
0.000000000000 0.000000000000 -0.002701431120 0.000000000000 0.000000000000 0.000000000000 -0.004579289933 0.006052734513

State 0 :
Natural orbital occupations
8
1.999999524094 1.999572213734 1.998905280562 1.995114207835 1.991772900191 0.009938389521 0.004013254629 0.000684229434
Natural orbitals (in MO basis)
8 8
0.999803148650 -0.000000000001 -0.019740388677 0.001994442100 -0.000000000000 0.000000000000 -0.000056622378 -0.000000000000
0.016767008754 -0.000000000000 0.894378393298 0.446985137644 -0.000000000000 0.000000000000 -0.003231678372 -0.000000000000
-0.000000000000 0.000000000000 -0.000000000000 -0.000000000000 -0.999990222835 0.003768872995 -0.000000000000 0.002312970182
0.010607966573 -0.000000000000 0.446875286750 -0.894514475571 0.000000000000 -0.000000000000 0.005813960016 0.000000000000
0.000000000001 1.000000000000 0.000000000000 -0.000000000000 -0.000000000000 0.000000000000 -0.000000000000 -0.000000000000
0.000049123605 -0.000000000000 0.000291116954 0.006645443556 0.000000000000 -0.000000000000 0.999977875214 0.000000000000
0.000000000000 -0.000000000000 0.000000000000 -0.000000000000 -0.004204405948 -0.648283627780 0.000000000000 -0.761387326479
0.000000000000 -0.000000000000 0.000000000000 0.000000000000 0.001370111433 0.761389606935 0.000000000000 -0.648293135276

