Number of strings: 252 252, CI size = 63504
String addressing array alpha: 5 10
0 70 105 120 125 126 126 126 126 126
0 0 35 55 65 69 70 70 70 70
0 0 0 15 25 31 34 35 35 35
0 0 0 0 5 9 12 14 15 15
0 0 0 0 0 1 2 3 4 5

Alpha strings 252 5
1 2 3 4 5
1 2 3 4 6
1 2 3 4 7
1 2 3 4 8
1 2 3 4 9
1 2 3 4 10
1 2 3 5 6
1 2 3 5 7
1 2 3 5 8
1 2 3 5 9
1 2 3 5 10
1 2 3 6 7
1 2 3 6 8
1 2 3 6 9
1 2 3 6 10
1 2 3 7 8
1 2 3 7 9
1 2 3 7 10
1 2 3 8 9
1 2 3 8 10
1 2 3 9 10
1 2 4 5 6
1 2 4 5 7
1 2 4 5 8
1 2 4 5 9
1 2 4 5 10
1 2 4 6 7
1 2 4 6 8
1 2 4 6 9
1 2 4 6 10
1 2 4 7 8
1 2 4 7 9
1 2 4 7 10
1 2 4 8 9
1 2 4 8 10
1 2 4 9 10
1 2 5 6 7
1 2 5 6 8
1 2 5 6 9
1 2 5 6 10
1 2 5 7 8
1 2 5 7 9
1 2 5 7 10
1 2 5 8 9
1 2 5 8 10
1 2 5 9 10
1 2 6 7 8
1 2 6 7 9
1 2 6 7 10
1 2 6 8 9
1 2 6 8 10
1 2 6 9 10
1 2 7 8 9
1 2 7 8 10
1 2 7 9 10
1 2 8 9 10
1 3 4 5 6
1 3 4 5 7
1 3 4 5 8
1 3 4 5 9
1 3 4 5 10
1 3 4 6 7
1 3 4 6 8
1 3 4 6 9
1 3 4 6 10
1 3 4 7 8
1 3 4 7 9
1 3 4 7 10
1 3 4 8 9
1 3 4 8 10
1 3 4 9 10
1 3 5 6 7
1 3 5 6 8
1 3 5 6 9
1 3 5 6 10
1 3 5 7 8
1 3 5 7 9
1 3 5 7 10
1 3 5 8 9
1 3 5 8 10
1 3 5 9 10
1 3 6 7 8
1 3 6 7 9
1 3 6 7 10
1 3 6 8 9
1 3 6 8 10
1 3 6 9 10
1 3 7 8 9
1 3 7 8 10
1 3 7 9 10
1 3 8 9 10
1 4 5 6 7
1 4 5 6 8
1 4 5 6 9
1 4 5 6 10
1 4 5 7 8
1 4 5 7 9
1 4 5 7 10
1 4 5 8 9
1 4 5 8 10
1 4 5 9 10
1 4 6 7 8
1 4 6 7 9
1 4 6 7 10
1 4 6 8 9
1 4 6 8 10
1 4 6 9 10
1 4 7 8 9
1 4 7 8 10
1 4 7 9 10
1 4 8 9 10
1 5 6 7 8
1 5 6 7 9
1 5 6 7 10
1 5 6 8 9
1 5 6 8 10
1 5 6 9 10
1 5 7 8 9
1 5 7 8 10
1 5 7 9 10
1 5 8 9 10
1 6 7 8 9
1 6 7 8 10
1 6 7 9 10
1 6 8 9 10
1 7 8 9 10
2 3 4 5 6
2 3 4 5 7
2 3 4 5 8
2 3 4 5 9
2 3 4 5 10
2 3 4 6 7
2 3 4 6 8
2 3 4 6 9
2 3 4 6 10
2 3 4 7 8
2 3 4 7 9
2 3 4 7 10
2 3 4 8 9
2 3 4 8 10
2 3 4 9 10
2 3 5 6 7
2 3 5 6 8
2 3 5 6 9
2 3 5 6 10
2 3 5 7 8
2 3 5 7 9
2 3 5 7 10
2 3 5 8 9
2 3 5 8 10
2 3 5 9 10
2 3 6 7 8
2 3 6 7 9
2 3 6 7 10
2 3 6 8 9
2 3 6 8 10
2 3 6 9 10
2 3 7 8 9
2 3 7 8 10
2 3 7 9 10
2 3 8 9 10
2 4 5 6 7
2 4 5 6 8
2 4 5 6 9
2 4 5 6 10
2 4 5 7 8
2 4 5 7 9
2 4 5 7 10
2 4 5 8 9
2 4 5 8 10
2 4 5 9 10
2 4 6 7 8
2 4 6 7 9
2 4 6 7 10
2 4 6 8 9
2 4 6 8 10
2 4 6 9 10
2 4 7 8 9
2 4 7 8 10
2 4 7 9 10
2 4 8 9 10
2 5 6 7 8
2 5 6 7 9
2 5 6 7 10
2 5 6 8 9
2 5 6 8 10
2 5 6 9 10
2 5 7 8 9
2 5 7 8 10
2 5 7 9 10
2 5 8 9 10
2 6 7 8 9
2 6 7 8 10
2 6 7 9 10
2 6 8 9 10
2 7 8 9 10
3 4 5 6 7
3 4 5 6 8
3 4 5 6 9
3 4 5 6 10
3 4 5 7 8
3 4 5 7 9
3 4 5 7 10
3 4 5 8 9
3 4 5 8 10
3 4 5 9 10
3 4 6 7 8
3 4 6 7 9
3 4 6 7 10
3 4 6 8 9
3 4 6 8 10
3 4 6 9 10
3 4 7 8 9
3 4 7 8 10
3 4 7 9 10
3 4 8 9 10
3 5 6 7 8
3 5 6 7 9
3 5 6 7 10
3 5 6 8 9
3 5 6 8 10
3 5 6 9 10
3 5 7 8 9
3 5 7 8 10
3 5 7 9 10
3 5 8 9 10
3 6 7 8 9
3 6 7 8 10
3 6 7 9 10
3 6 8 9 10
3 7 8 9 10
4 5 6 7 8
4 5 6 7 9
4 5 6 7 10
4 5 6 8 9
4 5 6 8 10
4 5 6 9 10
4 5 7 8 9
4 5 7 8 10
4 5 7 9 10
4 5 8 9 10
4 6 7 8 9
4 6 7 8 10
4 6 7 9 10
4 6 8 9 10
4 7 8 9 10
5 6 7 8 9
5 6 7 8 10
5 6 7 9 10
5 6 8 9 10
5 7 8 9 10
6 7 8 9 10

Is hamiltonian hermitian? 1
Implicit Hamiltonian constructed
E(core)= 9.189534427600
H(1,1) + E(core) energy = -76.206515799900
Davidson: iter=0 dim=0 root=0 eigenvalue=-85.396050227500
Davidson: iter=1 dim=1 root=0 eigenvalue=-85.434836801601
Davidson: iter=2 dim=2 root=0 eigenvalue=-85.436585611688
Davidson: iter=3 dim=3 root=0 eigenvalue=-85.436679099717
Davidson: iter=4 dim=4 root=0 eigenvalue=-85.436682559153
Davidson: iter=5 dim=5 root=0 eigenvalue=-85.436682847627
Davidson: iter=6 dim=6 root=0 eigenvalue=-85.436682866971
Davidson: iter=7 dim=7 root=0 eigenvalue=-85.436682868725
Davidson: iter=8 dim=8 root=0 eigenvalue=-85.436682868818
Davidson: iter=9 dim=9 root=0 eigenvalue=-85.436682868824
Davidson: iter=10 dim=10 root=0 eigenvalue=-85.436682868825
root no. 0 converged
Davidson converged in 10 iterations.
E(core)= 9.189534427600
E(0)= -76.247148441225
FCI Excitation energies = 1
0.000000000000

Vacuum coefficients in CI state 0 = -0.990927316631
Eigenvector 0 in string basis
0: -0.990927316631 seniority 0 ... 5
1 2 3 4 5
 | 5
1 2 3 4 5

Seniority vectors for all roots (nroots/seniority)
1 6
0.988489827823 0.003871840695 -0.984463218498 0.125582547393 1.000000001012 0.000000000000

Calculating transition densities
Root 0 MO occupations numbers (density matrix diagonal)
10
1.999993771266 1.994823963106 1.984214882069 1.985739238461 1.999020344037 0.006268136735 0.006811481826 0.008777852787 0.008326988157 0.006023341555
Transition densities done:
Trandens between roots 0 0
10 10
1.999993771266 0.000028882038 0.000000000000 0.000032992763 0.000000000000 0.000080253582 0.000000000000 0.000000000000 -0.000061647033 0.000118695005
0.000028882038 1.994823963106 0.000000000000 0.004716011157 0.000000000000 0.005073212912 0.000000000000 0.000000000000 0.000568512743 0.007052886377
0.000000000000 0.000000000000 1.984214882069 0.000000000000 0.000000000000 0.000000000000 0.006429814480 -0.003215588879 0.000000000000 0.000000000000
0.000032992763 0.004716011157 0.000000000000 1.985739238461 0.000000000000 -0.009843514295 0.000000000000 0.000000000000 0.004848099750 -0.002603268390
0.000000000000 0.000000000000 0.000000000000 0.000000000000 1.999020344037 0.000000000000 0.000000000000 0.000000000000 0.000000000000 0.000000000000
0.000080253582 0.005073212912 0.000000000000 -0.009843514295 0.000000000000 0.006268136735 0.000000000000 0.000000000000 -0.006493969597 -0.002631213467
0.000000000000 0.000000000000 0.006429814480 0.000000000000 0.000000000000 0.000000000000 0.006811481826 -0.006674140490 0.000000000000 0.000000000000
0.000000000000 0.000000000000 -0.003215588879 0.000000000000 0.000000000000 0.000000000000 -0.006674140490 0.008777852787 0.000000000000 0.000000000000
-0.000061647033 0.000568512743 0.000000000000 0.004848099750 0.000000000000 -0.006493969597 0.000000000000 0.000000000000 0.008326988157 0.002467779750
0.000118695005 0.007052886377 0.000000000000 -0.002603268390 0.000000000000 -0.002631213467 0.000000000000 0.000000000000 0.002467779750 0.006023341555

State 0 :
Natural orbital occupations
10
1.999994306234 1.999020344037 1.996847246369 1.984241094439 1.983818018918 0.015228618746 0.014518486147 0.004625216043 0.001044636096 0.000662032971
Natural orbitals (in MO basis)
10 10
0.999919561342 0.000000000000 0.012633184183 -0.000000000000 -0.001125781688 0.000024820295 -0.000000000000 -0.000072039801 -0.000000000000 -0.000017687028
0.011191032163 0.000000000000 -0.920583325087 -0.000000000000 -0.390361256649 0.000077124729 -0.000000000000 -0.003595409837 0.000000000000 -0.002501750870
-0.000000000000 0.000000000000 -0.000000000000 0.999993352826 -0.000000000000 -0.000000000000 -0.003368075894 -0.000000000000 -0.001396555925 -0.000000000000
0.005968384068 0.000000000000 -0.390330023385 0.000000000000 0.920637929151 -0.004301102546 0.000000000000 0.002851355807 -0.000000000000 0.002454573518
-0.000000000000 1.000000000000 0.000000000000 -0.000000000000 -0.000000000000 -0.000000000000 -0.000000000000 0.000000000000 -0.000000000000 -0.000000000000
0.000039181734 0.000000000000 -0.000407890420 -0.000000000000 -0.005587725111 -0.611340682129 0.000000000000 0.158664481443 -0.000000000000 0.775278506165
0.000000000000 -0.000000000000 0.000000000000 0.003257111656 -0.000000000000 0.000000000000 0.653024749160 0.000000000000 0.757329563802 0.000000000000
-0.000000000000 0.000000000000 0.000000000000 -0.001638757865 0.000000000000 -0.000000000000 -0.757329078439 0.000000000000 0.653031378590 0.000000000000
-0.000013242060 0.000000000000 -0.001217307919 0.000000000000 0.002162183565 0.702492591289 -0.000000000000 -0.342230937933 -0.000000000000 0.623999989786
0.000091245790 0.000000000000 -0.002751155978 -0.000000000000 -0.002593765977 0.364346296139 -0.000000000000 0.926111497099 -0.000000000000 0.097749509586

