Number of strings: 56 56, CI size = 3136
String addressing array alpha: 5 8
0 15 20 21 21 21 21 21
0 0 10 14 15 15 15 15
0 0 0 6 9 10 10 10
0 0 0 0 3 5 6 6
0 0 0 0 0 1 2 3

Alpha strings 56 5
1 2 3 4 5
1 2 3 4 6
1 2 3 4 7
1 2 3 4 8
1 2 3 5 6
1 2 3 5 7
1 2 3 5 8
1 2 3 6 7
1 2 3 6 8
1 2 3 7 8
1 2 4 5 6
1 2 4 5 7
1 2 4 5 8
1 2 4 6 7
1 2 4 6 8
1 2 4 7 8
1 2 5 6 7
1 2 5 6 8
1 2 5 7 8
1 2 6 7 8
1 3 4 5 6
1 3 4 5 7
1 3 4 5 8
1 3 4 6 7
1 3 4 6 8
1 3 4 7 8
1 3 5 6 7
1 3 5 6 8
1 3 5 7 8
1 3 6 7 8
1 4 5 6 7
1 4 5 6 8
1 4 5 7 8
1 4 6 7 8
1 5 6 7 8
2 3 4 5 6
2 3 4 5 7
2 3 4 5 8
2 3 4 6 7
2 3 4 6 8
2 3 4 7 8
2 3 5 6 7
2 3 5 6 8
2 3 5 7 8
2 3 6 7 8
2 4 5 6 7
2 4 5 6 8
2 4 5 7 8
2 4 6 7 8
2 5 6 7 8
3 4 5 6 7
3 4 5 6 8
3 4 5 7 8
3 4 6 7 8
3 5 6 7 8
4 5 6 7 8

Is hamiltonian hermitian? 1
Implicit Hamiltonian constructed
E(core)= 9.189534427600
H(1,1) + E(core) energy = -76.346084912700
Davidson: iter=0 dim=0 root=0 eigenvalue=-85.535619340300
Davidson: iter=1 dim=1 root=0 eigenvalue=-85.542544493907
Davidson: iter=2 dim=2 root=0 eigenvalue=-85.542717598576
Davidson: iter=3 dim=3 root=0 eigenvalue=-85.542720976296
Davidson: iter=4 dim=4 root=0 eigenvalue=-85.542721043400
Davidson: iter=5 dim=5 root=0 eigenvalue=-85.542721044679
Davidson: iter=6 dim=6 root=0 eigenvalue=-85.542721044711
Davidson: iter=7 dim=7 root=0 eigenvalue=-85.542721044712
root no. 0 converged
Davidson converged in 7 iterations.
E(core)= 9.189534427600
E(0)= -76.353186617112
FCI Excitation energies = 1
0.000000000000

Vacuum coefficients in CI state 0 = -0.998073286107
Eigenvector 0 in string basis
0: -0.998073286107 seniority 0 ... 5
1 2 3 4 5
 | 5
1 2 3 4 5

Seniority vectors for all roots (nroots/seniority)
1 6
0.998224132624 0.000802899315 -0.997250488626 0.059581294304 1.000000000000 0.000000000000

Calculating transition densities
Root 0 MO occupations numbers (density matrix diagonal)
8
1.999999597318 1.999120637329 1.995856727719 1.997579470066 1.999765073043 0.002119310552 0.002089123005 0.003470060969
Transition densities done:
Trandens between roots 0 0
8 8
1.999999597318 0.000005297044 0.000000000000 0.000008971442 0.000000000000 0.000249256135 0.000000000000 0.000000000000
0.000005297044 1.999120637329 0.000000000000 0.000791733569 0.000000000000 0.001880883211 0.000000000000 0.000000000000
0.000000000000 0.000000000000 1.995856727719 0.000000000000 0.000000000000 0.000000000000 -0.000962401860 -0.003068562998
0.000008971442 0.000791733569 0.000000000000 1.997579470066 0.000000000000 -0.007233520463 0.000000000000 0.000000000000
0.000000000000 0.000000000000 0.000000000000 0.000000000000 1.999765073043 0.000000000000 0.000000000000 0.000000000000
0.000249256135 0.001880883211 0.000000000000 -0.007233520463 0.000000000000 0.002119310552 0.000000000000 0.000000000000
0.000000000000 0.000000000000 -0.000962401860 0.000000000000 0.000000000000 0.000000000000 0.002089123005 0.002305200474
0.000000000000 0.000000000000 -0.003068562998 0.000000000000 0.000000000000 0.000000000000 0.002305200474 0.003470060969

State 0 :
Natural orbital occupations
8
1.999999763457 1.999765073043 1.999455347013 1.997272623310 1.995861921726 0.005181348494 0.002091281484 0.000372641472
Natural orbitals (in MO basis)
8 8
0.999883441484 0.000000000000 0.015144604276 -0.001931020458 0.000000000000 0.000000000000 -0.000124771447 -0.000000000000
0.013187187658 0.000000000000 -0.920462422709 -0.390607394583 0.000000000000 0.000000000000 -0.000943270861 -0.000000000000
0.000000000000 0.000000000000 0.000000000000 0.000000000000 0.999998695760 0.001525001546 -0.000000000000 0.000531835064
0.007693476491 0.000000000000 -0.390537152444 0.920547880489 0.000000000000 0.000000000000 0.003625287102 -0.000000000000
0.000000000000 1.000000000000 0.000000000000 0.000000000000 0.000000000000 0.000000000000 -0.000000000000 -0.000000000000
0.000109305700 0.000000000000 0.000549457393 -0.003705965899 0.000000000000 0.000000000000 0.999992975958 -0.000000000000
0.000000000000 0.000000000000 0.000000000000 0.000000000000 -0.000484484604 0.597373765034 -0.000000000000 -0.801962810936
0.000000000000 0.000000000000 0.000000000000 0.000000000000 -0.001540698841 0.801961507318 -0.000000000000 0.597373724755

