Number of strings: 126 126, CI size = 15876
String addressing array alpha: 5 9
0 35 50 55 56 56 56 56 56
0 0 20 30 34 35 35 35 35
0 0 0 10 16 19 20 20 20
0 0 0 0 4 7 9 10 10
0 0 0 0 0 1 2 3 4

Alpha strings 126 5
1 2 3 4 5
1 2 3 4 6
1 2 3 4 7
1 2 3 4 8
1 2 3 4 9
1 2 3 5 6
1 2 3 5 7
1 2 3 5 8
1 2 3 5 9
1 2 3 6 7
1 2 3 6 8
1 2 3 6 9
1 2 3 7 8
1 2 3 7 9
1 2 3 8 9
1 2 4 5 6
1 2 4 5 7
1 2 4 5 8
1 2 4 5 9
1 2 4 6 7
1 2 4 6 8
1 2 4 6 9
1 2 4 7 8
1 2 4 7 9
1 2 4 8 9
1 2 5 6 7
1 2 5 6 8
1 2 5 6 9
1 2 5 7 8
1 2 5 7 9
1 2 5 8 9
1 2 6 7 8
1 2 6 7 9
1 2 6 8 9
1 2 7 8 9
1 3 4 5 6
1 3 4 5 7
1 3 4 5 8
1 3 4 5 9
1 3 4 6 7
1 3 4 6 8
1 3 4 6 9
1 3 4 7 8
1 3 4 7 9
1 3 4 8 9
1 3 5 6 7
1 3 5 6 8
1 3 5 6 9
1 3 5 7 8
1 3 5 7 9
1 3 5 8 9
1 3 6 7 8
1 3 6 7 9
1 3 6 8 9
1 3 7 8 9
1 4 5 6 7
1 4 5 6 8
1 4 5 6 9
1 4 5 7 8
1 4 5 7 9
1 4 5 8 9
1 4 6 7 8
1 4 6 7 9
1 4 6 8 9
1 4 7 8 9
1 5 6 7 8
1 5 6 7 9
1 5 6 8 9
1 5 7 8 9
1 6 7 8 9
2 3 4 5 6
2 3 4 5 7
2 3 4 5 8
2 3 4 5 9
2 3 4 6 7
2 3 4 6 8
2 3 4 6 9
2 3 4 7 8
2 3 4 7 9
2 3 4 8 9
2 3 5 6 7
2 3 5 6 8
2 3 5 6 9
2 3 5 7 8
2 3 5 7 9
2 3 5 8 9
2 3 6 7 8
2 3 6 7 9
2 3 6 8 9
2 3 7 8 9
2 4 5 6 7
2 4 5 6 8
2 4 5 6 9
2 4 5 7 8
2 4 5 7 9
2 4 5 8 9
2 4 6 7 8
2 4 6 7 9
2 4 6 8 9
2 4 7 8 9
2 5 6 7 8
2 5 6 7 9
2 5 6 8 9
2 5 7 8 9
2 6 7 8 9
3 4 5 6 7
3 4 5 6 8
3 4 5 6 9
3 4 5 7 8
3 4 5 7 9
3 4 5 8 9
3 4 6 7 8
3 4 6 7 9
3 4 6 8 9
3 4 7 8 9
3 5 6 7 8
3 5 6 7 9
3 5 6 8 9
3 5 7 8 9
3 6 7 8 9
4 5 6 7 8
4 5 6 7 9
4 5 6 8 9
4 5 7 8 9
4 6 7 8 9
5 6 7 8 9

Is hamiltonian hermitian? 0
Implicit Hamiltonian constructed
E(core)= 9.189534427600
H(1,1) + E(core) energy = -76.406142439600
Davidson: iter=0 dim=0 root=0 eigenvalue=-85.595676867200
Davidson: iter=1 dim=1 root=0 eigenvalue=-85.598784747653
Davidson: iter=2 dim=2 root=0 eigenvalue=-85.598969334402
Davidson: iter=3 dim=3 root=0 eigenvalue=-85.598972719109
Davidson: iter=4 dim=4 root=0 eigenvalue=-85.598972831723
Davidson: iter=5 dim=5 root=0 eigenvalue=-85.598972834237
Davidson: iter=6 dim=6 root=0 eigenvalue=-85.598972834301
Davidson: iter=7 dim=7 root=0 eigenvalue=-85.598972834302
root no. 0 converged
Davidson converged in 7 iterations.
E(core)= 9.189534427600
E(0)= -76.409438406702
FCI Excitation energies = 1
0.000000000000

Vacuum coefficients in CI state 0 = 0.998912907590
Eigenvector 0 in string basis
0: 0.998912907590 seniority 0 ... 5
1 2 3 4 5
 | 5
1 2 3 4 5

Seniority vectors for all roots (nroots/seniority)
1 6
0.998572403965 0.000363751501 0.001056044923 0.000007793593 0.000000006018 0.000000000000

Calculating transition densities
Root 0 MO occupations numbers (density matrix diagonal)
9
1.999999814882 1.999560064536 1.999403156952 1.999103507757 1.997834814835 0.000650433740 0.000528674682 0.000787418509 0.002132114108
Transition densities done:
Trandens between roots 0 0
9 9
1.999999814882 0.000000110691 0.000000000000 0.000000557847 0.000000000000 0.000149829711 -0.000000000000 0.000193436865 0.000000000000
0.000000110691 1.999560064536 -0.000000000000 -0.000009674603 0.000000000000 -0.000132146894 -0.000000000164 -0.005363628787 0.000000000000
0.000000000000 -0.000000000000 1.999403156952 -0.000000000001 0.000000000000 0.000000000017 -0.001092042717 0.000000000042 0.000000000000
0.000000557847 -0.000009674603 -0.000000000001 1.999103507757 0.000000000000 0.004356036043 -0.000000000042 -0.007012203953 0.000000000000
0.000000000000 0.000000000000 0.000000000000 0.000000000000 1.997834814835 0.000000000000 0.000000000000 0.000000000000 -0.019929550319
0.000149829711 -0.000132146894 0.000000000017 0.004356036043 0.000000000000 0.000650433740 -0.000000000001 -0.000105278629 0.000000000000
-0.000000000000 -0.000000000164 -0.001092042717 -0.000000000042 0.000000000000 -0.000000000001 0.000528674682 -0.000000000000 0.000000000000
0.000193436865 -0.005363628787 0.000000000042 -0.007012203953 0.000000000000 -0.000105278629 -0.000000000000 0.000787418509 0.000000000000
0.000000000000 0.000000000000 0.000000000000 0.000000000000 -0.019929550319 0.000000000000 0.000000000000 0.000000000000 0.002132114108

State 0 :
Natural orbital occupations
9
1.999999845281 1.999574645223 1.999403753566 1.999137430251 1.998033816106 0.001933112837 0.000799794190 0.000589524478 0.000528078067
Natural orbitals (in MO basis)
9 9
-0.999999487659 -0.000973692351 0.000000000013 -0.000248253660 0.000000000000 -0.000000000000 0.000047054220 -0.000112968638 0.000000000003
0.000978255489 -0.999790537802 -0.000000003085 -0.020266192650 -0.000000000000 0.000000000000 -0.002299897840 0.001383995259 -0.000000000116
-0.000000000017 0.000000002995 -0.999999850763 0.000000004475 0.000000000000 -0.000000000000 0.000000000014 -0.000000000031 -0.000546328565
-0.000228652736 -0.020257055052 0.000000004413 0.999786244295 -0.000000000000 0.000000000000 -0.004127900900 -0.000159970641 -0.000000000016
-0.000000000000 0.000000000000 -0.000000000000 -0.000000000000 -0.999950151255 0.009984738645 0.000000000000 -0.000000000000 0.000000000000
-0.000075496834 0.000021733161 0.000000000001 0.002180704440 -0.000000000000 -0.000000000000 0.494382547317 0.869241701291 -0.000000021679
-0.000000000000 0.000000000081 0.000546328565 -0.000000000022 0.000000000000 -0.000000000000 -0.000000000306 -0.000000024766 -0.999999850763
-0.000098575046 0.002753850536 -0.000000000028 -0.003453990684 -0.000000000000 0.000000000000 -0.869231594915 0.494385387062 -0.000000011977
0.000000000000 -0.000000000000 0.000000000000 0.000000000000 0.009984738645 0.999950151255 0.000000000000 -0.000000000000 0.000000000000

