Number of strings: 56 56, CI size = 3136
String addressing array alpha: 5 8
0 15 20 21 21 21 21 21
0 0 10 14 15 15 15 15
0 0 0 6 9 10 10 10
0 0 0 0 3 5 6 6
0 0 0 0 0 1 2 3

Alpha strings 56 5
1 2 3 4 5
1 2 3 4 6
1 2 3 4 7
1 2 3 4 8
1 2 3 5 6
1 2 3 5 7
1 2 3 5 8
1 2 3 6 7
1 2 3 6 8
1 2 3 7 8
1 2 4 5 6
1 2 4 5 7
1 2 4 5 8
1 2 4 6 7
1 2 4 6 8
1 2 4 7 8
1 2 5 6 7
1 2 5 6 8
1 2 5 7 8
1 2 6 7 8
1 3 4 5 6
1 3 4 5 7
1 3 4 5 8
1 3 4 6 7
1 3 4 6 8
1 3 4 7 8
1 3 5 6 7
1 3 5 6 8
1 3 5 7 8
1 3 6 7 8
1 4 5 6 7
1 4 5 6 8
1 4 5 7 8
1 4 6 7 8
1 5 6 7 8
2 3 4 5 6
2 3 4 5 7
2 3 4 5 8
2 3 4 6 7
2 3 4 6 8
2 3 4 7 8
2 3 5 6 7
2 3 5 6 8
2 3 5 7 8
2 3 6 7 8
2 4 5 6 7
2 4 5 6 8
2 4 5 7 8
2 4 6 7 8
2 5 6 7 8
3 4 5 6 7
3 4 5 6 8
3 4 5 7 8
3 4 6 7 8
3 5 6 7 8
4 5 6 7 8

Is hamiltonian hermitian? 1
Implicit Hamiltonian constructed
E(core)= 9.189534427600
H(1,1) + E(core) energy = -76.389894706800
Davidson: iter=0 dim=0 root=0 eigenvalue=-85.579429134400
Davidson: iter=1 dim=1 root=0 eigenvalue=-85.583239401733
Davidson: iter=2 dim=2 root=0 eigenvalue=-85.583321187849
Davidson: iter=3 dim=3 root=0 eigenvalue=-85.583322443457
Davidson: iter=4 dim=4 root=0 eigenvalue=-85.583322462042
Davidson: iter=5 dim=5 root=0 eigenvalue=-85.583322462304
Davidson: iter=6 dim=6 root=0 eigenvalue=-85.583322462309
Davidson: iter=7 dim=7 root=0 eigenvalue=-85.583322462309
root no. 0 converged
Davidson converged in 7 iterations.
E(core)= 9.189534427600
E(0)= -76.393788034709
FCI Excitation energies = 1
0.000000000000

Vacuum coefficients in CI state 0 = -0.998956794918
Eigenvector 0 in string basis
0: -0.998956794918 seniority 0 ... 5
1 2 3 4 5
 | 5
1 2 3 4 5

Seniority vectors for all roots (nroots/seniority)
1 6
0.999046285608 0.000397005038 -0.998464910542 0.044224461801 1.000000000000 0.000000000000

Calculating transition densities
Root 0 MO occupations numbers (density matrix diagonal)
8
1.999999798745 1.999512944096 1.997843204958 1.998628407477 1.999852607263 0.001268367412 0.001086471018 0.001808199031
Transition densities done:
Trandens between roots 0 0
8 8
1.999999798745 0.000002516555 0.000000000000 -0.000003832571 0.000000000000 0.000228904584 0.000000000000 0.000000000000
0.000002516555 1.999512944096 0.000000000000 -0.000464177733 0.000000000000 0.000820857917 0.000000000000 0.000000000000
0.000000000000 0.000000000000 1.997843204958 0.000000000000 0.000000000000 0.000000000000 0.001313208835 0.001919727647
-0.000003832571 -0.000464177733 0.000000000000 1.998628407477 0.000000000000 0.004781190396 0.000000000000 0.000000000000
0.000000000000 0.000000000000 0.000000000000 0.000000000000 1.999852607263 0.000000000000 0.000000000000 0.000000000000
0.000228904584 0.000820857917 0.000000000000 0.004781190396 0.000000000000 0.001268367412 0.000000000000 0.000000000000
0.000000000000 0.000000000000 0.001313208835 0.000000000000 0.000000000000 0.000000000000 0.001086471018 -0.001164681739
0.000000000000 0.000000000000 0.001919727647 0.000000000000 0.000000000000 0.000000000000 -0.001164681739 0.001808199031

State 0 :
Natural orbital occupations
8
1.999999875050 1.999852607263 1.999712412285 1.998440672242 1.997845913479 0.002666346786 0.001256558153 0.000225614742
Natural orbitals (in MO basis)
8 8
0.999916447873 0.000000000000 0.012863362485 0.001272030266 0.000000000000 0.000000000000 -0.000114527990 -0.000000000000
0.011309842407 0.000000000000 -0.918293105193 0.395739423381 0.000000000000 0.000000000000 -0.000411341793 -0.000000000000
0.000000000000 0.000000000000 0.000000000000 0.000000000000 0.999999321973 -0.000383636693 -0.000000000000 0.001099489107
-0.006258904188 0.000000000000 0.395691775078 0.918358924841 0.000000000000 0.000000000000 -0.002393829490 -0.000000000000
0.000000000000 1.000000000000 0.000000000000 0.000000000000 0.000000000000 0.000000000000 -0.000000000000 -0.000000000000
0.000104188191 0.000000000000 0.000570961211 0.002361331505 0.000000000000 0.000000000000 0.999997043626 -0.000000000000
0.000000000000 0.000000000000 0.000000000000 0.000000000000 0.000657108818 -0.593591383751 -0.000000000000 -0.804766324683
0.000000000000 0.000000000000 0.000000000000 0.000000000000 0.000961385153 0.804766501514 -0.000000000000 -0.593590729189

