Number of strings: 126 126, CI size = 15876
String addressing array alpha: 5 9
0 35 50 55 56 56 56 56 56
0 0 20 30 34 35 35 35 35
0 0 0 10 16 19 20 20 20
0 0 0 0 4 7 9 10 10
0 0 0 0 0 1 2 3 4

Alpha strings 126 5
1 2 3 4 5
1 2 3 4 6
1 2 3 4 7
1 2 3 4 8
1 2 3 4 9
1 2 3 5 6
1 2 3 5 7
1 2 3 5 8
1 2 3 5 9
1 2 3 6 7
1 2 3 6 8
1 2 3 6 9
1 2 3 7 8
1 2 3 7 9
1 2 3 8 9
1 2 4 5 6
1 2 4 5 7
1 2 4 5 8
1 2 4 5 9
1 2 4 6 7
1 2 4 6 8
1 2 4 6 9
1 2 4 7 8
1 2 4 7 9
1 2 4 8 9
1 2 5 6 7
1 2 5 6 8
1 2 5 6 9
1 2 5 7 8
1 2 5 7 9
1 2 5 8 9
1 2 6 7 8
1 2 6 7 9
1 2 6 8 9
1 2 7 8 9
1 3 4 5 6
1 3 4 5 7
1 3 4 5 8
1 3 4 5 9
1 3 4 6 7
1 3 4 6 8
1 3 4 6 9
1 3 4 7 8
1 3 4 7 9
1 3 4 8 9
1 3 5 6 7
1 3 5 6 8
1 3 5 6 9
1 3 5 7 8
1 3 5 7 9
1 3 5 8 9
1 3 6 7 8
1 3 6 7 9
1 3 6 8 9
1 3 7 8 9
1 4 5 6 7
1 4 5 6 8
1 4 5 6 9
1 4 5 7 8
1 4 5 7 9
1 4 5 8 9
1 4 6 7 8
1 4 6 7 9
1 4 6 8 9
1 4 7 8 9
1 5 6 7 8
1 5 6 7 9
1 5 6 8 9
1 5 7 8 9
1 6 7 8 9
2 3 4 5 6
2 3 4 5 7
2 3 4 5 8
2 3 4 5 9
2 3 4 6 7
2 3 4 6 8
2 3 4 6 9
2 3 4 7 8
2 3 4 7 9
2 3 4 8 9
2 3 5 6 7
2 3 5 6 8
2 3 5 6 9
2 3 5 7 8
2 3 5 7 9
2 3 5 8 9
2 3 6 7 8
2 3 6 7 9
2 3 6 8 9
2 3 7 8 9
2 4 5 6 7
2 4 5 6 8
2 4 5 6 9
2 4 5 7 8
2 4 5 7 9
2 4 5 8 9
2 4 6 7 8
2 4 6 7 9
2 4 6 8 9
2 4 7 8 9
2 5 6 7 8
2 5 6 7 9
2 5 6 8 9
2 5 7 8 9
2 6 7 8 9
3 4 5 6 7
3 4 5 6 8
3 4 5 6 9
3 4 5 7 8
3 4 5 7 9
3 4 5 8 9
3 4 6 7 8
3 4 6 7 9
3 4 6 8 9
3 4 7 8 9
3 5 6 7 8
3 5 6 7 9
3 5 6 8 9
3 5 7 8 9
3 6 7 8 9
4 5 6 7 8
4 5 6 7 9
4 5 6 8 9
4 5 7 8 9
4 6 7 8 9
5 6 7 8 9

Is hamiltonian hermitian? 1
Implicit Hamiltonian constructed
E(core)= 9.189534427600
H(1,1) + E(core) energy = -76.404188704900
Davidson: iter=0 dim=0 root=0 eigenvalue=-85.593723132500
Davidson: iter=1 dim=1 root=0 eigenvalue=-85.596184972342
Davidson: iter=2 dim=2 root=0 eigenvalue=-85.596255376508
Davidson: iter=3 dim=3 root=0 eigenvalue=-85.596256547257
Davidson: iter=4 dim=4 root=0 eigenvalue=-85.596256566099
Davidson: iter=5 dim=5 root=0 eigenvalue=-85.596256566371
Davidson: iter=6 dim=6 root=0 eigenvalue=-85.596256566375
Davidson: iter=7 dim=7 root=0 eigenvalue=-85.596256566375
root no. 0 converged
Davidson converged in 7 iterations.
E(core)= 9.189534427600
E(0)= -76.406722138775
FCI Excitation energies = 1
0.000000000000

Vacuum coefficients in CI state 0 = -0.999322905564
Eigenvector 0 in string basis
0: -0.999322905564 seniority 0 ... 5
1 2 3 4 5
 | 5
1 2 3 4 5

Seniority vectors for all roots (nroots/seniority)
1 6
0.999240976291 0.000242030694 -0.998864368439 0.035200415072 1.000000000000 0.000000000000

Calculating transition densities
Root 0 MO occupations numbers (density matrix diagonal)
9
1.999999839969 1.999630143196 1.998931009427 1.998886808606 1.999884262051 0.000766097428 0.000605541216 0.000666481749 0.000629816360
Transition densities done:
Trandens between roots 0 0
9 9
1.999999839969 -0.000000351080 -0.000000000000 0.000000398382 0.000000000000 0.000187153473 0.000000000000 0.000211236504 -0.000000000000
-0.000000351080 1.999630143196 0.000000000000 0.000094594304 0.000000000000 0.000311804853 -0.000000000003 0.005681683901 -0.000000000003
-0.000000000000 0.000000000000 1.998931009427 0.000000000000 0.000000000000 -0.000000000003 0.001509036209 -0.000000000006 0.001797957237
0.000000398382 0.000094594304 0.000000000000 1.998886808606 0.000000000000 -0.004333736147 0.000000000002 0.005920265427 -0.000000000269
0.000000000000 0.000000000000 0.000000000000 0.000000000000 1.999884262051 0.000000000000 0.000000000000 0.000000000000 0.000000000000
0.000187153473 0.000311804853 -0.000000000003 -0.004333736147 0.000000000000 0.000766097428 -0.000000000000 -0.000047796128 0.000000000001
0.000000000000 -0.000000000003 0.001509036209 0.000000000002 0.000000000000 -0.000000000000 0.000605541216 0.000000000000 -0.000456431505
0.000211236504 0.005681683901 -0.000000000006 0.005920265427 0.000000000000 -0.000047796128 0.000000000000 0.000666481749 -0.000000000001
-0.000000000000 -0.000000000003 0.001797957237 -0.000000000269 0.000000000000 0.000000000001 -0.000456431505 -0.000000000001 0.000629816360

State 0 :
Natural orbital occupations
9
1.999999880498 1.999884262051 1.999662715366 1.998933766051 1.998897371649 0.001074244002 0.000766265739 0.000623137695 0.000158356949
Natural orbitals (in MO basis)
9 9
0.999999267052 0.000000000001 0.001085289854 -0.000000000001 0.000517798939 -0.000000000000 -0.000062995242 0.000126318488 -0.000000000000
0.000997553291 -0.000000000000 -0.989238719354 -0.000000000760 0.146279387242 -0.000000000002 0.000586661232 0.002785267418 0.000000000001
-0.000000000001 -0.000000000000 -0.000000000071 0.999999310418 0.000000004713 0.000117456784 0.000000000001 -0.000000000004 -0.001168489174
0.000670862472 -0.000000000000 -0.146270377001 0.000000004652 -0.989237608208 -0.000000000101 0.002863302158 0.002298426268 0.000000000091
-0.000000000001 1.000000000000 -0.000000000000 0.000000000000 -0.000000000000 0.000000000000 -0.000000000000 -0.000000000000 -0.000000000000
0.000092311244 0.000000000000 0.000162992916 -0.000000000012 0.002168487412 -0.000000000720 0.965754906457 -0.259446956483 -0.000000000128
0.000000000000 -0.000000000000 0.000000000001 0.000754943336 0.000000000002 0.697860182332 0.000000000828 0.000000000793 0.716233618295
0.000110472522 -0.000000000000 -0.003244768345 0.000000000009 -0.002514939722 0.000000000797 -0.259439615354 -0.965750599450 0.000000000593
-0.000000000000 0.000000000000 0.000000000021 0.000899568566 0.000000000137 -0.716234006537 -0.000000000454 -0.000000000041 0.697859612427

