Number of strings: 56 56, CI size = 3136
String addressing array alpha: 5 8
0 15 20 21 21 21 21 21
0 0 10 14 15 15 15 15
0 0 0 6 9 10 10 10
0 0 0 0 3 5 6 6
0 0 0 0 0 1 2 3

Alpha strings 56 5
1 2 3 4 5
1 2 3 4 6
1 2 3 4 7
1 2 3 4 8
1 2 3 5 6
1 2 3 5 7
1 2 3 5 8
1 2 3 6 7
1 2 3 6 8
1 2 3 7 8
1 2 4 5 6
1 2 4 5 7
1 2 4 5 8
1 2 4 6 7
1 2 4 6 8
1 2 4 7 8
1 2 5 6 7
1 2 5 6 8
1 2 5 7 8
1 2 6 7 8
1 3 4 5 6
1 3 4 5 7
1 3 4 5 8
1 3 4 6 7
1 3 4 6 8
1 3 4 7 8
1 3 5 6 7
1 3 5 6 8
1 3 5 7 8
1 3 6 7 8
1 4 5 6 7
1 4 5 6 8
1 4 5 7 8
1 4 6 7 8
1 5 6 7 8
2 3 4 5 6
2 3 4 5 7
2 3 4 5 8
2 3 4 6 7
2 3 4 6 8
2 3 4 7 8
2 3 5 6 7
2 3 5 6 8
2 3 5 7 8
2 3 6 7 8
2 4 5 6 7
2 4 5 6 8
2 4 5 7 8
2 4 6 7 8
2 5 6 7 8
3 4 5 6 7
3 4 5 6 8
3 4 5 7 8
3 4 6 7 8
3 5 6 7 8
4 5 6 7 8

Is hamiltonian hermitian? 0
Implicit Hamiltonian constructed
E(core)= 9.189534427600
H(1,1) + E(core) energy = -76.414385178600
Davidson: iter=0 dim=0 root=0 eigenvalue=-85.603919606200
Davidson: iter=1 dim=1 root=0 eigenvalue=-85.604865103038
Davidson: iter=2 dim=2 root=0 eigenvalue=-85.604888409277
Davidson: iter=3 dim=3 root=0 eigenvalue=-85.604888676272
Davidson: iter=4 dim=4 root=0 eigenvalue=-85.604888679922
Davidson: iter=5 dim=5 root=0 eigenvalue=-85.604888679961
Davidson: iter=6 dim=6 root=0 eigenvalue=-85.604888679961
root no. 0 converged
Davidson converged in 6 iterations.
E(core)= 9.189534427600
E(0)= -76.415354252361
FCI Excitation energies = 1
0.000000000000

Vacuum coefficients in CI state 0 = 0.999732052773
Eigenvector 0 in string basis
0: 0.999732052773 seniority 0 ... 5
1 2 3 4 5
 | 5
1 2 3 4 5

Seniority vectors for all roots (nroots/seniority)
1 6
0.999686716263 0.000116990513 0.000195888757 0.000000404467 0.000000000000 0.000000000000

Calculating transition densities
Root 0 MO occupations numbers (density matrix diagonal)
8
1.999999918590 1.999805957885 1.999682033503 1.999551036544 1.999933312410 0.000374662308 0.000254994514 0.000398084244
Transition densities done:
Trandens between roots 0 0
8 8
1.999999918590 0.000000705950 0.000000000000 0.000000571473 0.000000000000 0.000149101212 -0.000000000000 0.000192762370
0.000000705950 1.999805957885 -0.000000000000 0.000005805570 0.000000000000 -0.000158937268 -0.000000000159 -0.005323396051
0.000000000000 -0.000000000000 1.999682033503 -0.000000000000 0.000000000000 0.000000000013 -0.001351084242 0.000000000027
0.000000571473 0.000005805570 -0.000000000000 1.999551036544 0.000000000000 0.004078134131 -0.000000000027 -0.006640478813
0.000000000000 0.000000000000 0.000000000000 0.000000000000 1.999933312410 0.000000000000 0.000000000000 0.000000000000
0.000149101212 -0.000158937268 0.000000000013 0.004078134131 0.000000000000 0.000374662308 -0.000000000002 -0.000023841080
-0.000000000000 -0.000000000159 -0.001351084242 -0.000000000027 0.000000000000 -0.000000000002 0.000254994514 0.000000000001
0.000192762370 -0.005323396051 0.000000000027 -0.006640478813 0.000000000000 -0.000023841080 0.000000000001 0.000398084244

State 0 :
Natural orbital occupations
8
1.999999948633 1.999933312410 1.999822369956 1.999682946479 1.999579185919 0.000375041834 0.000353113230 0.000254081539
Natural orbitals (in MO basis)
8 8
-0.999999208992 0.000000000006 0.001140738189 0.000000000021 -0.000515633885 0.000002933250 0.000121835755 0.000000000001
-0.001086422035 -0.000000000001 -0.995407148502 -0.000000001121 -0.095688733322 -0.001617443262 -0.002116268359 -0.000000000072
-0.000000000020 0.000000000003 0.000000001046 -0.999999771691 0.000000000839 -0.000000000005 0.000000000019 -0.000675735243
-0.000622577596 0.000000000000 -0.095679069098 0.000000000735 0.995404407377 -0.003677892100 -0.001291130656 0.000000000026
0.000000000006 1.000000000000 -0.000000000001 0.000000000003 -0.000000000000 0.000000000000 -0.000000000000 0.000000000000
-0.000075746790 0.000000000000 -0.000115974757 -0.000000000005 0.002038109167 0.776037294889 -0.630683711431 -0.000000013740
0.000000000000 -0.000000000000 0.000000000080 0.000675735243 -0.000000000006 -0.000000012773 0.000000006068 -0.999999771691
-0.000091439574 0.000000000000 0.002968116379 -0.000000000013 -0.003051609898 -0.630674221702 -0.776036014423 0.000000003347

