Number of strings: 252 252, CI size = 63504
String addressing array alpha: 5 10
0 70 105 120 125 126 126 126 126 126
0 0 35 55 65 69 70 70 70 70
0 0 0 15 25 31 34 35 35 35
0 0 0 0 5 9 12 14 15 15
0 0 0 0 0 1 2 3 4 5

Alpha strings 252 5
1 2 3 4 5
1 2 3 4 6
1 2 3 4 7
1 2 3 4 8
1 2 3 4 9
1 2 3 4 10
1 2 3 5 6
1 2 3 5 7
1 2 3 5 8
1 2 3 5 9
1 2 3 5 10
1 2 3 6 7
1 2 3 6 8
1 2 3 6 9
1 2 3 6 10
1 2 3 7 8
1 2 3 7 9
1 2 3 7 10
1 2 3 8 9
1 2 3 8 10
1 2 3 9 10
1 2 4 5 6
1 2 4 5 7
1 2 4 5 8
1 2 4 5 9
1 2 4 5 10
1 2 4 6 7
1 2 4 6 8
1 2 4 6 9
1 2 4 6 10
1 2 4 7 8
1 2 4 7 9
1 2 4 7 10
1 2 4 8 9
1 2 4 8 10
1 2 4 9 10
1 2 5 6 7
1 2 5 6 8
1 2 5 6 9
1 2 5 6 10
1 2 5 7 8
1 2 5 7 9
1 2 5 7 10
1 2 5 8 9
1 2 5 8 10
1 2 5 9 10
1 2 6 7 8
1 2 6 7 9
1 2 6 7 10
1 2 6 8 9
1 2 6 8 10
1 2 6 9 10
1 2 7 8 9
1 2 7 8 10
1 2 7 9 10
1 2 8 9 10
1 3 4 5 6
1 3 4 5 7
1 3 4 5 8
1 3 4 5 9
1 3 4 5 10
1 3 4 6 7
1 3 4 6 8
1 3 4 6 9
1 3 4 6 10
1 3 4 7 8
1 3 4 7 9
1 3 4 7 10
1 3 4 8 9
1 3 4 8 10
1 3 4 9 10
1 3 5 6 7
1 3 5 6 8
1 3 5 6 9
1 3 5 6 10
1 3 5 7 8
1 3 5 7 9
1 3 5 7 10
1 3 5 8 9
1 3 5 8 10
1 3 5 9 10
1 3 6 7 8
1 3 6 7 9
1 3 6 7 10
1 3 6 8 9
1 3 6 8 10
1 3 6 9 10
1 3 7 8 9
1 3 7 8 10
1 3 7 9 10
1 3 8 9 10
1 4 5 6 7
1 4 5 6 8
1 4 5 6 9
1 4 5 6 10
1 4 5 7 8
1 4 5 7 9
1 4 5 7 10
1 4 5 8 9
1 4 5 8 10
1 4 5 9 10
1 4 6 7 8
1 4 6 7 9
1 4 6 7 10
1 4 6 8 9
1 4 6 8 10
1 4 6 9 10
1 4 7 8 9
1 4 7 8 10
1 4 7 9 10
1 4 8 9 10
1 5 6 7 8
1 5 6 7 9
1 5 6 7 10
1 5 6 8 9
1 5 6 8 10
1 5 6 9 10
1 5 7 8 9
1 5 7 8 10
1 5 7 9 10
1 5 8 9 10
1 6 7 8 9
1 6 7 8 10
1 6 7 9 10
1 6 8 9 10
1 7 8 9 10
2 3 4 5 6
2 3 4 5 7
2 3 4 5 8
2 3 4 5 9
2 3 4 5 10
2 3 4 6 7
2 3 4 6 8
2 3 4 6 9
2 3 4 6 10
2 3 4 7 8
2 3 4 7 9
2 3 4 7 10
2 3 4 8 9
2 3 4 8 10
2 3 4 9 10
2 3 5 6 7
2 3 5 6 8
2 3 5 6 9
2 3 5 6 10
2 3 5 7 8
2 3 5 7 9
2 3 5 7 10
2 3 5 8 9
2 3 5 8 10
2 3 5 9 10
2 3 6 7 8
2 3 6 7 9
2 3 6 7 10
2 3 6 8 9
2 3 6 8 10
2 3 6 9 10
2 3 7 8 9
2 3 7 8 10
2 3 7 9 10
2 3 8 9 10
2 4 5 6 7
2 4 5 6 8
2 4 5 6 9
2 4 5 6 10
2 4 5 7 8
2 4 5 7 9
2 4 5 7 10
2 4 5 8 9
2 4 5 8 10
2 4 5 9 10
2 4 6 7 8
2 4 6 7 9
2 4 6 7 10
2 4 6 8 9
2 4 6 8 10
2 4 6 9 10
2 4 7 8 9
2 4 7 8 10
2 4 7 9 10
2 4 8 9 10
2 5 6 7 8
2 5 6 7 9
2 5 6 7 10
2 5 6 8 9
2 5 6 8 10
2 5 6 9 10
2 5 7 8 9
2 5 7 8 10
2 5 7 9 10
2 5 8 9 10
2 6 7 8 9
2 6 7 8 10
2 6 7 9 10
2 6 8 9 10
2 7 8 9 10
3 4 5 6 7
3 4 5 6 8
3 4 5 6 9
3 4 5 6 10
3 4 5 7 8
3 4 5 7 9
3 4 5 7 10
3 4 5 8 9
3 4 5 8 10
3 4 5 9 10
3 4 6 7 8
3 4 6 7 9
3 4 6 7 10
3 4 6 8 9
3 4 6 8 10
3 4 6 9 10
3 4 7 8 9
3 4 7 8 10
3 4 7 9 10
3 4 8 9 10
3 5 6 7 8
3 5 6 7 9
3 5 6 7 10
3 5 6 8 9
3 5 6 8 10
3 5 6 9 10
3 5 7 8 9
3 5 7 8 10
3 5 7 9 10
3 5 8 9 10
3 6 7 8 9
3 6 7 8 10
3 6 7 9 10
3 6 8 9 10
3 7 8 9 10
4 5 6 7 8
4 5 6 7 9
4 5 6 7 10
4 5 6 8 9
4 5 6 8 10
4 5 6 9 10
4 5 7 8 9
4 5 7 8 10
4 5 7 9 10
4 5 8 9 10
4 6 7 8 9
4 6 7 8 10
4 6 7 9 10
4 6 8 9 10
4 7 8 9 10
5 6 7 8 9
5 6 7 8 10
5 6 7 9 10
5 6 8 9 10
5 7 8 9 10
6 7 8 9 10

Is hamiltonian hermitian? 1
Implicit Hamiltonian constructed
E(core)= 9.189534427600
H(1,1) + E(core) energy = -76.328464016900
Davidson: iter=0 dim=0 root=0 eigenvalue=-85.517998444500
Davidson: iter=1 dim=1 root=0 eigenvalue=-85.538107367802
Davidson: iter=2 dim=2 root=0 eigenvalue=-85.539058487981
Davidson: iter=3 dim=3 root=0 eigenvalue=-85.539084575247
Davidson: iter=4 dim=4 root=0 eigenvalue=-85.539085837035
Davidson: iter=5 dim=5 root=0 eigenvalue=-85.539085893160
Davidson: iter=6 dim=6 root=0 eigenvalue=-85.539085896253
Davidson: iter=7 dim=7 root=0 eigenvalue=-85.539085896429
Davidson: iter=8 dim=8 root=0 eigenvalue=-85.539085896438
Davidson: iter=9 dim=9 root=0 eigenvalue=-85.539085896439
root no. 0 converged
Davidson converged in 9 iterations.
E(core)= 9.189534427600
E(0)= -76.349551468839
FCI Excitation energies = 1
0.000000000000

Vacuum coefficients in CI state 0 = -0.994674297326
Eigenvector 0 in string basis
0: -0.994674297326 seniority 0 ... 5
1 2 3 4 5
 | 5
1 2 3 4 5

Seniority vectors for all roots (nroots/seniority)
1 6
0.993352651885 0.002043158786 -0.990689419983 0.097046864611 1.000000000114 0.000000000000

Calculating transition densities
Root 0 MO occupations numbers (density matrix diagonal)
10
1.999998258310 1.997000713576 1.991062008425 1.991341882207 1.999304169589 0.003669798435 0.003417872884 0.005036022733 0.004699072695 0.004470201146
Transition densities done:
Trandens between roots 0 0
10 10
1.999998258310 0.000016206835 0.000000000000 -0.000000452807 0.000000000000 0.000247679435 0.000000000000 0.000000000000 0.000234194202 0.000068611774
0.000016206835 1.997000713576 0.000000000000 0.003106306783 0.000000000000 0.001589652617 0.000000000000 0.000000000000 0.001016810400 0.006725737204
0.000000000000 0.000000000000 1.991062008425 0.000000000000 0.000000000000 0.000000000000 -0.000434173737 -0.002647812012 0.000000000000 0.000000000000
-0.000000452807 0.003106306783 0.000000000000 1.991341882207 0.000000000000 -0.006752620650 0.000000000000 0.000000000000 -0.001744786702 0.002526407447
0.000000000000 0.000000000000 0.000000000000 0.000000000000 1.999304169589 0.000000000000 0.000000000000 0.000000000000 0.000000000000 0.000000000000
0.000247679435 0.001589652617 0.000000000000 -0.006752620650 0.000000000000 0.003669798435 0.000000000000 0.000000000000 0.003557002336 -0.002829410660
0.000000000000 0.000000000000 -0.000434173737 0.000000000000 0.000000000000 0.000000000000 0.003417872884 0.003429640431 0.000000000000 0.000000000000
0.000000000000 0.000000000000 -0.002647812012 0.000000000000 0.000000000000 0.000000000000 0.003429640431 0.005036022733 0.000000000000 0.000000000000
0.000234194202 0.001016810400 0.000000000000 -0.001744786702 0.000000000000 0.003557002336 0.000000000000 0.000000000000 0.004699072695 -0.002149083781
0.000068611774 0.006725737204 0.000000000000 0.002526407447 0.000000000000 -0.002829410660 0.000000000000 0.000000000000 -0.002149083781 0.004470201146

State 0 :
Natural orbital occupations
10
1.999998461560 1.999304169589 1.998399571945 1.991065635385 1.989995078822 0.009968325748 0.007747955538 0.002456619326 0.000702313119 0.000361868969
Natural orbitals (in MO basis)
10 10
0.999957094412 -0.000000000000 0.009226482586 0.000000000000 0.000806812399 -0.000125949031 0.000000000000 0.000110279103 -0.000000000000 0.000048824170
0.008764286953 -0.000000000000 -0.914531133434 0.000000000000 -0.404405398994 0.001030213088 -0.000000000000 0.003067720760 -0.000000000000 0.001339503221
-0.000000000000 -0.000000000000 0.000000000000 0.999999086394 0.000000000000 0.000000000000 -0.001182521545 0.000000000000 0.000654868858 0.000000000000
0.002993855431 -0.000000000000 -0.404393750897 -0.000000000000 0.914572443626 0.003205378715 -0.000000000000 0.000126820185 0.000000000000 -0.001919867002
-0.000000000000 -1.000000000000 0.000000000000 -0.000000000000 -0.000000000000 0.000000000000 -0.000000000000 -0.000000000000 0.000000000000 0.000000000000
0.000121031393 -0.000000000000 0.000646211263 0.000000000000 -0.003434218644 0.582621303324 0.000000000000 -0.104126176275 0.000000000000 -0.806038417342
0.000000000000 0.000000000000 0.000000000000 -0.000220736849 -0.000000000000 0.000000000000 -0.620814180731 -0.000000000000 -0.783957718426 -0.000000000000
0.000000000000 0.000000000000 -0.000000000000 -0.001333598766 -0.000000000000 0.000000000000 -0.783956857644 0.000000000000 0.620813874577 0.000000000000
0.000119359416 -0.000000000000 -0.000106401559 0.000000000000 -0.001016742038 0.611006959269 -0.000000000000 -0.597852676149 -0.000000000000 0.518884971853
0.000067410651 -0.000000000000 -0.003597683169 0.000000000000 -0.000200140816 -0.535921226472 -0.000000000000 -0.794808453579 0.000000000000 -0.284701551122

