Number of strings: 1287 1287, CI size = 1656369
String addressing array alpha: 5 13
0 330 540 666 736 771 786 791 792 792 792 792 792
0 0 120 204 260 295 315 325 329 330 330 330 330
0 0 0 36 64 85 100 110 116 119 120 120 120
0 0 0 0 8 15 21 26 30 33 35 36 36
0 0 0 0 0 1 2 3 4 5 6 7 8

Alpha strings 1287 5
1 2 3 4 5
1 2 3 4 6
1 2 3 4 7
1 2 3 4 8
1 2 3 4 9
1 2 3 4 10
1 2 3 4 11
1 2 3 4 12
1 2 3 4 13
1 2 3 5 6
1 2 3 5 7
1 2 3 5 8
1 2 3 5 9
1 2 3 5 10
1 2 3 5 11
1 2 3 5 12
1 2 3 5 13
1 2 3 6 7
1 2 3 6 8
1 2 3 6 9
1 2 3 6 10
1 2 3 6 11
1 2 3 6 12
1 2 3 6 13
1 2 3 7 8
1 2 3 7 9
1 2 3 7 10
1 2 3 7 11
1 2 3 7 12
1 2 3 7 13
1 2 3 8 9
1 2 3 8 10
1 2 3 8 11
1 2 3 8 12
1 2 3 8 13
1 2 3 9 10
1 2 3 9 11
1 2 3 9 12
1 2 3 9 13
1 2 3 10 11
1 2 3 10 12
1 2 3 10 13
1 2 3 11 12
1 2 3 11 13
1 2 3 12 13
1 2 4 5 6
1 2 4 5 7
1 2 4 5 8
1 2 4 5 9
1 2 4 5 10
1 2 4 5 11
1 2 4 5 12
1 2 4 5 13
1 2 4 6 7
1 2 4 6 8
1 2 4 6 9
1 2 4 6 10
1 2 4 6 11
1 2 4 6 12
1 2 4 6 13
1 2 4 7 8
1 2 4 7 9
1 2 4 7 10
1 2 4 7 11
1 2 4 7 12
1 2 4 7 13
1 2 4 8 9
1 2 4 8 10
1 2 4 8 11
1 2 4 8 12
1 2 4 8 13
1 2 4 9 10
1 2 4 9 11
1 2 4 9 12
1 2 4 9 13
1 2 4 10 11
1 2 4 10 12
1 2 4 10 13
1 2 4 11 12
1 2 4 11 13
1 2 4 12 13
1 2 5 6 7
1 2 5 6 8
1 2 5 6 9
1 2 5 6 10
1 2 5 6 11
1 2 5 6 12
1 2 5 6 13
1 2 5 7 8
1 2 5 7 9
1 2 5 7 10
1 2 5 7 11
1 2 5 7 12
1 2 5 7 13
1 2 5 8 9
1 2 5 8 10
1 2 5 8 11
1 2 5 8 12
1 2 5 8 13
1 2 5 9 10
1 2 5 9 11
1 2 5 9 12
1 2 5 9 13
1 2 5 10 11
1 2 5 10 12
1 2 5 10 13
1 2 5 11 12
1 2 5 11 13
1 2 5 12 13
1 2 6 7 8
1 2 6 7 9
1 2 6 7 10
1 2 6 7 11
1 2 6 7 12
1 2 6 7 13
1 2 6 8 9
1 2 6 8 10
1 2 6 8 11
1 2 6 8 12
1 2 6 8 13
1 2 6 9 10
1 2 6 9 11
1 2 6 9 12
1 2 6 9 13
1 2 6 10 11
1 2 6 10 12
1 2 6 10 13
1 2 6 11 12
1 2 6 11 13
1 2 6 12 13
1 2 7 8 9
1 2 7 8 10
1 2 7 8 11
1 2 7 8 12
1 2 7 8 13
1 2 7 9 10
1 2 7 9 11
1 2 7 9 12
1 2 7 9 13
1 2 7 10 11
1 2 7 10 12
1 2 7 10 13
1 2 7 11 12
1 2 7 11 13
1 2 7 12 13
1 2 8 9 10
1 2 8 9 11
1 2 8 9 12
1 2 8 9 13
1 2 8 10 11
1 2 8 10 12
1 2 8 10 13
1 2 8 11 12
1 2 8 11 13
1 2 8 12 13
1 2 9 10 11
1 2 9 10 12
1 2 9 10 13
1 2 9 11 12
1 2 9 11 13
1 2 9 12 13
1 2 10 11 12
1 2 10 11 13
1 2 10 12 13
1 2 11 12 13
1 3 4 5 6
1 3 4 5 7
1 3 4 5 8
1 3 4 5 9
1 3 4 5 10
1 3 4 5 11
1 3 4 5 12
1 3 4 5 13
1 3 4 6 7
1 3 4 6 8
1 3 4 6 9
1 3 4 6 10
1 3 4 6 11
1 3 4 6 12
1 3 4 6 13
1 3 4 7 8
1 3 4 7 9
1 3 4 7 10
1 3 4 7 11
1 3 4 7 12
1 3 4 7 13
1 3 4 8 9
1 3 4 8 10
1 3 4 8 11
1 3 4 8 12
1 3 4 8 13
1 3 4 9 10
1 3 4 9 11
1 3 4 9 12
1 3 4 9 13
1 3 4 10 11
1 3 4 10 12
1 3 4 10 13
1 3 4 11 12
1 3 4 11 13
1 3 4 12 13
1 3 5 6 7
1 3 5 6 8
1 3 5 6 9
1 3 5 6 10
1 3 5 6 11
1 3 5 6 12
1 3 5 6 13
1 3 5 7 8
1 3 5 7 9
1 3 5 7 10
1 3 5 7 11
1 3 5 7 12
1 3 5 7 13
1 3 5 8 9
1 3 5 8 10
1 3 5 8 11
1 3 5 8 12
1 3 5 8 13
1 3 5 9 10
1 3 5 9 11
1 3 5 9 12
1 3 5 9 13
1 3 5 10 11
1 3 5 10 12
1 3 5 10 13
1 3 5 11 12
1 3 5 11 13
1 3 5 12 13
1 3 6 7 8
1 3 6 7 9
1 3 6 7 10
1 3 6 7 11
1 3 6 7 12
1 3 6 7 13
1 3 6 8 9
1 3 6 8 10
1 3 6 8 11
1 3 6 8 12
1 3 6 8 13
1 3 6 9 10
1 3 6 9 11
1 3 6 9 12
1 3 6 9 13
1 3 6 10 11
1 3 6 10 12
1 3 6 10 13
1 3 6 11 12
1 3 6 11 13
1 3 6 12 13
1 3 7 8 9
1 3 7 8 10
1 3 7 8 11
1 3 7 8 12
1 3 7 8 13
1 3 7 9 10
1 3 7 9 11
1 3 7 9 12
1 3 7 9 13
1 3 7 10 11
1 3 7 10 12
1 3 7 10 13
1 3 7 11 12
1 3 7 11 13
1 3 7 12 13
1 3 8 9 10
1 3 8 9 11
1 3 8 9 12
1 3 8 9 13
1 3 8 10 11
1 3 8 10 12
1 3 8 10 13
1 3 8 11 12
1 3 8 11 13
1 3 8 12 13
1 3 9 10 11
1 3 9 10 12
1 3 9 10 13
1 3 9 11 12
1 3 9 11 13
1 3 9 12 13
1 3 10 11 12
1 3 10 11 13
1 3 10 12 13
1 3 11 12 13
1 4 5 6 7
1 4 5 6 8
1 4 5 6 9
1 4 5 6 10
1 4 5 6 11
1 4 5 6 12
1 4 5 6 13
1 4 5 7 8
1 4 5 7 9
1 4 5 7 10
1 4 5 7 11
1 4 5 7 12
1 4 5 7 13
1 4 5 8 9
1 4 5 8 10
1 4 5 8 11
1 4 5 8 12
1 4 5 8 13
1 4 5 9 10
1 4 5 9 11
1 4 5 9 12
1 4 5 9 13
1 4 5 10 11
1 4 5 10 12
1 4 5 10 13
1 4 5 11 12
1 4 5 11 13
1 4 5 12 13
1 4 6 7 8
1 4 6 7 9
1 4 6 7 10
1 4 6 7 11
1 4 6 7 12
1 4 6 7 13
1 4 6 8 9
1 4 6 8 10
1 4 6 8 11
1 4 6 8 12
1 4 6 8 13
1 4 6 9 10
1 4 6 9 11
1 4 6 9 12
1 4 6 9 13
1 4 6 10 11
1 4 6 10 12
1 4 6 10 13
1 4 6 11 12
1 4 6 11 13
1 4 6 12 13
1 4 7 8 9
1 4 7 8 10
1 4 7 8 11
1 4 7 8 12
1 4 7 8 13
1 4 7 9 10
1 4 7 9 11
1 4 7 9 12
1 4 7 9 13
1 4 7 10 11
1 4 7 10 12
1 4 7 10 13
1 4 7 11 12
1 4 7 11 13
1 4 7 12 13
1 4 8 9 10
1 4 8 9 11
1 4 8 9 12
1 4 8 9 13
1 4 8 10 11
1 4 8 10 12
1 4 8 10 13
1 4 8 11 12
1 4 8 11 13
1 4 8 12 13
1 4 9 10 11
1 4 9 10 12
1 4 9 10 13
1 4 9 11 12
1 4 9 11 13
1 4 9 12 13
1 4 10 11 12
1 4 10 11 13
1 4 10 12 13
1 4 11 12 13
1 5 6 7 8
1 5 6 7 9
1 5 6 7 10
1 5 6 7 11
1 5 6 7 12
1 5 6 7 13
1 5 6 8 9
1 5 6 8 10
1 5 6 8 11
1 5 6 8 12
1 5 6 8 13
1 5 6 9 10
1 5 6 9 11
1 5 6 9 12
1 5 6 9 13
1 5 6 10 11
1 5 6 10 12
1 5 6 10 13
1 5 6 11 12
1 5 6 11 13
1 5 6 12 13
1 5 7 8 9
1 5 7 8 10
1 5 7 8 11
1 5 7 8 12
1 5 7 8 13
1 5 7 9 10
1 5 7 9 11
1 5 7 9 12
1 5 7 9 13
1 5 7 10 11
1 5 7 10 12
1 5 7 10 13
1 5 7 11 12
1 5 7 11 13
1 5 7 12 13
1 5 8 9 10
1 5 8 9 11
1 5 8 9 12
1 5 8 9 13
1 5 8 10 11
1 5 8 10 12
1 5 8 10 13
1 5 8 11 12
1 5 8 11 13
1 5 8 12 13
1 5 9 10 11
1 5 9 10 12
1 5 9 10 13
1 5 9 11 12
1 5 9 11 13
1 5 9 12 13
1 5 10 11 12
1 5 10 11 13
1 5 10 12 13
1 5 11 12 13
1 6 7 8 9
1 6 7 8 10
1 6 7 8 11
1 6 7 8 12
1 6 7 8 13
1 6 7 9 10
1 6 7 9 11
1 6 7 9 12
1 6 7 9 13
1 6 7 10 11
1 6 7 10 12
1 6 7 10 13
1 6 7 11 12
1 6 7 11 13
1 6 7 12 13
1 6 8 9 10
1 6 8 9 11
1 6 8 9 12
1 6 8 9 13
1 6 8 10 11
1 6 8 10 12
1 6 8 10 13
1 6 8 11 12
1 6 8 11 13
1 6 8 12 13
1 6 9 10 11
1 6 9 10 12
1 6 9 10 13
1 6 9 11 12
1 6 9 11 13
1 6 9 12 13
1 6 10 11 12
1 6 10 11 13
1 6 10 12 13
1 6 11 12 13
1 7 8 9 10
1 7 8 9 11
1 7 8 9 12
1 7 8 9 13
1 7 8 10 11
1 7 8 10 12
1 7 8 10 13
1 7 8 11 12
1 7 8 11 13
1 7 8 12 13
1 7 9 10 11
1 7 9 10 12
1 7 9 10 13
1 7 9 11 12
1 7 9 11 13
1 7 9 12 13
1 7 10 11 12
1 7 10 11 13
1 7 10 12 13
1 7 11 12 13
1 8 9 10 11
1 8 9 10 12
1 8 9 10 13
1 8 9 11 12
1 8 9 11 13
1 8 9 12 13
1 8 10 11 12
1 8 10 11 13
1 8 10 12 13
1 8 11 12 13
1 9 10 11 12
1 9 10 11 13
1 9 10 12 13
1 9 11 12 13
1 10 11 12 13
2 3 4 5 6
2 3 4 5 7
2 3 4 5 8
2 3 4 5 9
2 3 4 5 10
2 3 4 5 11
2 3 4 5 12
2 3 4 5 13
2 3 4 6 7
2 3 4 6 8
2 3 4 6 9
2 3 4 6 10
2 3 4 6 11
2 3 4 6 12
2 3 4 6 13
2 3 4 7 8
2 3 4 7 9
2 3 4 7 10
2 3 4 7 11
2 3 4 7 12
2 3 4 7 13
2 3 4 8 9
2 3 4 8 10
2 3 4 8 11
2 3 4 8 12
2 3 4 8 13
2 3 4 9 10
2 3 4 9 11
2 3 4 9 12
2 3 4 9 13
2 3 4 10 11
2 3 4 10 12
2 3 4 10 13
2 3 4 11 12
2 3 4 11 13
2 3 4 12 13
2 3 5 6 7
2 3 5 6 8
2 3 5 6 9
2 3 5 6 10
2 3 5 6 11
2 3 5 6 12
2 3 5 6 13
2 3 5 7 8
2 3 5 7 9
2 3 5 7 10
2 3 5 7 11
2 3 5 7 12
2 3 5 7 13
2 3 5 8 9
2 3 5 8 10
2 3 5 8 11
2 3 5 8 12
2 3 5 8 13
2 3 5 9 10
2 3 5 9 11
2 3 5 9 12
2 3 5 9 13
2 3 5 10 11
2 3 5 10 12
2 3 5 10 13
2 3 5 11 12
2 3 5 11 13
2 3 5 12 13
2 3 6 7 8
2 3 6 7 9
2 3 6 7 10
2 3 6 7 11
2 3 6 7 12
2 3 6 7 13
2 3 6 8 9
2 3 6 8 10
2 3 6 8 11
2 3 6 8 12
2 3 6 8 13
2 3 6 9 10
2 3 6 9 11
2 3 6 9 12
2 3 6 9 13
2 3 6 10 11
2 3 6 10 12
2 3 6 10 13
2 3 6 11 12
2 3 6 11 13
2 3 6 12 13
2 3 7 8 9
2 3 7 8 10
2 3 7 8 11
2 3 7 8 12
2 3 7 8 13
2 3 7 9 10
2 3 7 9 11
2 3 7 9 12
2 3 7 9 13
2 3 7 10 11
2 3 7 10 12
2 3 7 10 13
2 3 7 11 12
2 3 7 11 13
2 3 7 12 13
2 3 8 9 10
2 3 8 9 11
2 3 8 9 12
2 3 8 9 13
2 3 8 10 11
2 3 8 10 12
2 3 8 10 13
2 3 8 11 12
2 3 8 11 13
2 3 8 12 13
2 3 9 10 11
2 3 9 10 12
2 3 9 10 13
2 3 9 11 12
2 3 9 11 13
2 3 9 12 13
2 3 10 11 12
2 3 10 11 13
2 3 10 12 13
2 3 11 12 13
2 4 5 6 7
2 4 5 6 8
2 4 5 6 9
2 4 5 6 10
2 4 5 6 11
2 4 5 6 12
2 4 5 6 13
2 4 5 7 8
2 4 5 7 9
2 4 5 7 10
2 4 5 7 11
2 4 5 7 12
2 4 5 7 13
2 4 5 8 9
2 4 5 8 10
2 4 5 8 11
2 4 5 8 12
2 4 5 8 13
2 4 5 9 10
2 4 5 9 11
2 4 5 9 12
2 4 5 9 13
2 4 5 10 11
2 4 5 10 12
2 4 5 10 13
2 4 5 11 12
2 4 5 11 13
2 4 5 12 13
2 4 6 7 8
2 4 6 7 9
2 4 6 7 10
2 4 6 7 11
2 4 6 7 12
2 4 6 7 13
2 4 6 8 9
2 4 6 8 10
2 4 6 8 11
2 4 6 8 12
2 4 6 8 13
2 4 6 9 10
2 4 6 9 11
2 4 6 9 12
2 4 6 9 13
2 4 6 10 11
2 4 6 10 12
2 4 6 10 13
2 4 6 11 12
2 4 6 11 13
2 4 6 12 13
2 4 7 8 9
2 4 7 8 10
2 4 7 8 11
2 4 7 8 12
2 4 7 8 13
2 4 7 9 10
2 4 7 9 11
2 4 7 9 12
2 4 7 9 13
2 4 7 10 11
2 4 7 10 12
2 4 7 10 13
2 4 7 11 12
2 4 7 11 13
2 4 7 12 13
2 4 8 9 10
2 4 8 9 11
2 4 8 9 12
2 4 8 9 13
2 4 8 10 11
2 4 8 10 12
2 4 8 10 13
2 4 8 11 12
2 4 8 11 13
2 4 8 12 13
2 4 9 10 11
2 4 9 10 12
2 4 9 10 13
2 4 9 11 12
2 4 9 11 13
2 4 9 12 13
2 4 10 11 12
2 4 10 11 13
2 4 10 12 13
2 4 11 12 13
2 5 6 7 8
2 5 6 7 9
2 5 6 7 10
2 5 6 7 11
2 5 6 7 12
2 5 6 7 13
2 5 6 8 9
2 5 6 8 10
2 5 6 8 11
2 5 6 8 12
2 5 6 8 13
2 5 6 9 10
2 5 6 9 11
2 5 6 9 12
2 5 6 9 13
2 5 6 10 11
2 5 6 10 12
2 5 6 10 13
2 5 6 11 12
2 5 6 11 13
2 5 6 12 13
2 5 7 8 9
2 5 7 8 10
2 5 7 8 11
2 5 7 8 12
2 5 7 8 13
2 5 7 9 10
2 5 7 9 11
2 5 7 9 12
2 5 7 9 13
2 5 7 10 11
2 5 7 10 12
2 5 7 10 13
2 5 7 11 12
2 5 7 11 13
2 5 7 12 13
2 5 8 9 10
2 5 8 9 11
2 5 8 9 12
2 5 8 9 13
2 5 8 10 11
2 5 8 10 12
2 5 8 10 13
2 5 8 11 12
2 5 8 11 13
2 5 8 12 13
2 5 9 10 11
2 5 9 10 12
2 5 9 10 13
2 5 9 11 12
2 5 9 11 13
2 5 9 12 13
2 5 10 11 12
2 5 10 11 13
2 5 10 12 13
2 5 11 12 13
2 6 7 8 9
2 6 7 8 10
2 6 7 8 11
2 6 7 8 12
2 6 7 8 13
2 6 7 9 10
2 6 7 9 11
2 6 7 9 12
2 6 7 9 13
2 6 7 10 11
2 6 7 10 12
2 6 7 10 13
2 6 7 11 12
2 6 7 11 13
2 6 7 12 13
2 6 8 9 10
2 6 8 9 11
2 6 8 9 12
2 6 8 9 13
2 6 8 10 11
2 6 8 10 12
2 6 8 10 13
2 6 8 11 12
2 6 8 11 13
2 6 8 12 13
2 6 9 10 11
2 6 9 10 12
2 6 9 10 13
2 6 9 11 12
2 6 9 11 13
2 6 9 12 13
2 6 10 11 12
2 6 10 11 13
2 6 10 12 13
2 6 11 12 13
2 7 8 9 10
2 7 8 9 11
2 7 8 9 12
2 7 8 9 13
2 7 8 10 11
2 7 8 10 12
2 7 8 10 13
2 7 8 11 12
2 7 8 11 13
2 7 8 12 13
2 7 9 10 11
2 7 9 10 12
2 7 9 10 13
2 7 9 11 12
2 7 9 11 13
2 7 9 12 13
2 7 10 11 12
2 7 10 11 13
2 7 10 12 13
2 7 11 12 13
2 8 9 10 11
2 8 9 10 12
2 8 9 10 13
2 8 9 11 12
2 8 9 11 13
2 8 9 12 13
2 8 10 11 12
2 8 10 11 13
2 8 10 12 13
2 8 11 12 13
2 9 10 11 12
2 9 10 11 13
2 9 10 12 13
2 9 11 12 13
2 10 11 12 13
3 4 5 6 7
3 4 5 6 8
3 4 5 6 9
3 4 5 6 10
3 4 5 6 11
3 4 5 6 12
3 4 5 6 13
3 4 5 7 8
3 4 5 7 9
3 4 5 7 10
3 4 5 7 11
3 4 5 7 12
3 4 5 7 13
3 4 5 8 9
3 4 5 8 10
3 4 5 8 11
3 4 5 8 12
3 4 5 8 13
3 4 5 9 10
3 4 5 9 11
3 4 5 9 12
3 4 5 9 13
3 4 5 10 11
3 4 5 10 12
3 4 5 10 13
3 4 5 11 12
3 4 5 11 13
3 4 5 12 13
3 4 6 7 8
3 4 6 7 9
3 4 6 7 10
3 4 6 7 11
3 4 6 7 12
3 4 6 7 13
3 4 6 8 9
3 4 6 8 10
3 4 6 8 11
3 4 6 8 12
3 4 6 8 13
3 4 6 9 10
3 4 6 9 11
3 4 6 9 12
3 4 6 9 13
3 4 6 10 11
3 4 6 10 12
3 4 6 10 13
3 4 6 11 12
3 4 6 11 13
3 4 6 12 13
3 4 7 8 9
3 4 7 8 10
3 4 7 8 11
3 4 7 8 12
3 4 7 8 13
3 4 7 9 10
3 4 7 9 11
3 4 7 9 12
3 4 7 9 13
3 4 7 10 11
3 4 7 10 12
3 4 7 10 13
3 4 7 11 12
3 4 7 11 13
3 4 7 12 13
3 4 8 9 10
3 4 8 9 11
3 4 8 9 12
3 4 8 9 13
3 4 8 10 11
3 4 8 10 12
3 4 8 10 13
3 4 8 11 12
3 4 8 11 13
3 4 8 12 13
3 4 9 10 11
3 4 9 10 12
3 4 9 10 13
3 4 9 11 12
3 4 9 11 13
3 4 9 12 13
3 4 10 11 12
3 4 10 11 13
3 4 10 12 13
3 4 11 12 13
3 5 6 7 8
3 5 6 7 9
3 5 6 7 10
3 5 6 7 11
3 5 6 7 12
3 5 6 7 13
3 5 6 8 9
3 5 6 8 10
3 5 6 8 11
3 5 6 8 12
3 5 6 8 13
3 5 6 9 10
3 5 6 9 11
3 5 6 9 12
3 5 6 9 13
3 5 6 10 11
3 5 6 10 12
3 5 6 10 13
3 5 6 11 12
3 5 6 11 13
3 5 6 12 13
3 5 7 8 9
3 5 7 8 10
3 5 7 8 11
3 5 7 8 12
3 5 7 8 13
3 5 7 9 10
3 5 7 9 11
3 5 7 9 12
3 5 7 9 13
3 5 7 10 11
3 5 7 10 12
3 5 7 10 13
3 5 7 11 12
3 5 7 11 13
3 5 7 12 13
3 5 8 9 10
3 5 8 9 11
3 5 8 9 12
3 5 8 9 13
3 5 8 10 11
3 5 8 10 12
3 5 8 10 13
3 5 8 11 12
3 5 8 11 13
3 5 8 12 13
3 5 9 10 11
3 5 9 10 12
3 5 9 10 13
3 5 9 11 12
3 5 9 11 13
3 5 9 12 13
3 5 10 11 12
3 5 10 11 13
3 5 10 12 13
3 5 11 12 13
3 6 7 8 9
3 6 7 8 10
3 6 7 8 11
3 6 7 8 12
3 6 7 8 13
3 6 7 9 10
3 6 7 9 11
3 6 7 9 12
3 6 7 9 13
3 6 7 10 11
3 6 7 10 12
3 6 7 10 13
3 6 7 11 12
3 6 7 11 13
3 6 7 12 13
3 6 8 9 10
3 6 8 9 11
3 6 8 9 12
3 6 8 9 13
3 6 8 10 11
3 6 8 10 12
3 6 8 10 13
3 6 8 11 12
3 6 8 11 13
3 6 8 12 13
3 6 9 10 11
3 6 9 10 12
3 6 9 10 13
3 6 9 11 12
3 6 9 11 13
3 6 9 12 13
3 6 10 11 12
3 6 10 11 13
3 6 10 12 13
3 6 11 12 13
3 7 8 9 10
3 7 8 9 11
3 7 8 9 12
3 7 8 9 13
3 7 8 10 11
3 7 8 10 12
3 7 8 10 13
3 7 8 11 12
3 7 8 11 13
3 7 8 12 13
3 7 9 10 11
3 7 9 10 12
3 7 9 10 13
3 7 9 11 12
3 7 9 11 13
3 7 9 12 13
3 7 10 11 12
3 7 10 11 13
3 7 10 12 13
3 7 11 12 13
3 8 9 10 11
3 8 9 10 12
3 8 9 10 13
3 8 9 11 12
3 8 9 11 13
3 8 9 12 13
3 8 10 11 12
3 8 10 11 13
3 8 10 12 13
3 8 11 12 13
3 9 10 11 12
3 9 10 11 13
3 9 10 12 13
3 9 11 12 13
3 10 11 12 13
4 5 6 7 8
4 5 6 7 9
4 5 6 7 10
4 5 6 7 11
4 5 6 7 12
4 5 6 7 13
4 5 6 8 9
4 5 6 8 10
4 5 6 8 11
4 5 6 8 12
4 5 6 8 13
4 5 6 9 10
4 5 6 9 11
4 5 6 9 12
4 5 6 9 13
4 5 6 10 11
4 5 6 10 12
4 5 6 10 13
4 5 6 11 12
4 5 6 11 13
4 5 6 12 13
4 5 7 8 9
4 5 7 8 10
4 5 7 8 11
4 5 7 8 12
4 5 7 8 13
4 5 7 9 10
4 5 7 9 11
4 5 7 9 12
4 5 7 9 13
4 5 7 10 11
4 5 7 10 12
4 5 7 10 13
4 5 7 11 12
4 5 7 11 13
4 5 7 12 13
4 5 8 9 10
4 5 8 9 11
4 5 8 9 12
4 5 8 9 13
4 5 8 10 11
4 5 8 10 12
4 5 8 10 13
4 5 8 11 12
4 5 8 11 13
4 5 8 12 13
4 5 9 10 11
4 5 9 10 12
4 5 9 10 13
4 5 9 11 12
4 5 9 11 13
4 5 9 12 13
4 5 10 11 12
4 5 10 11 13
4 5 10 12 13
4 5 11 12 13
4 6 7 8 9
4 6 7 8 10
4 6 7 8 11
4 6 7 8 12
4 6 7 8 13
4 6 7 9 10
4 6 7 9 11
4 6 7 9 12
4 6 7 9 13
4 6 7 10 11
4 6 7 10 12
4 6 7 10 13
4 6 7 11 12
4 6 7 11 13
4 6 7 12 13
4 6 8 9 10
4 6 8 9 11
4 6 8 9 12
4 6 8 9 13
4 6 8 10 11
4 6 8 10 12
4 6 8 10 13
4 6 8 11 12
4 6 8 11 13
4 6 8 12 13
4 6 9 10 11
4 6 9 10 12
4 6 9 10 13
4 6 9 11 12
4 6 9 11 13
4 6 9 12 13
4 6 10 11 12
4 6 10 11 13
4 6 10 12 13
4 6 11 12 13
4 7 8 9 10
4 7 8 9 11
4 7 8 9 12
4 7 8 9 13
4 7 8 10 11
4 7 8 10 12
4 7 8 10 13
4 7 8 11 12
4 7 8 11 13
4 7 8 12 13
4 7 9 10 11
4 7 9 10 12
4 7 9 10 13
4 7 9 11 12
4 7 9 11 13
4 7 9 12 13
4 7 10 11 12
4 7 10 11 13
4 7 10 12 13
4 7 11 12 13
4 8 9 10 11
4 8 9 10 12
4 8 9 10 13
4 8 9 11 12
4 8 9 11 13
4 8 9 12 13
4 8 10 11 12
4 8 10 11 13
4 8 10 12 13
4 8 11 12 13
4 9 10 11 12
4 9 10 11 13
4 9 10 12 13
4 9 11 12 13
4 10 11 12 13
5 6 7 8 9
5 6 7 8 10
5 6 7 8 11
5 6 7 8 12
5 6 7 8 13
5 6 7 9 10
5 6 7 9 11
5 6 7 9 12
5 6 7 9 13
5 6 7 10 11
5 6 7 10 12
5 6 7 10 13
5 6 7 11 12
5 6 7 11 13
5 6 7 12 13
5 6 8 9 10
5 6 8 9 11
5 6 8 9 12
5 6 8 9 13
5 6 8 10 11
5 6 8 10 12
5 6 8 10 13
5 6 8 11 12
5 6 8 11 13
5 6 8 12 13
5 6 9 10 11
5 6 9 10 12
5 6 9 10 13
5 6 9 11 12
5 6 9 11 13
5 6 9 12 13
5 6 10 11 12
5 6 10 11 13
5 6 10 12 13
5 6 11 12 13
5 7 8 9 10
5 7 8 9 11
5 7 8 9 12
5 7 8 9 13
5 7 8 10 11
5 7 8 10 12
5 7 8 10 13
5 7 8 11 12
5 7 8 11 13
5 7 8 12 13
5 7 9 10 11
5 7 9 10 12
5 7 9 10 13
5 7 9 11 12
5 7 9 11 13
5 7 9 12 13
5 7 10 11 12
5 7 10 11 13
5 7 10 12 13
5 7 11 12 13
5 8 9 10 11
5 8 9 10 12
5 8 9 10 13
5 8 9 11 12
5 8 9 11 13
5 8 9 12 13
5 8 10 11 12
5 8 10 11 13
5 8 10 12 13
5 8 11 12 13
5 9 10 11 12
5 9 10 11 13
5 9 10 12 13
5 9 11 12 13
5 10 11 12 13
6 7 8 9 10
6 7 8 9 11
6 7 8 9 12
6 7 8 9 13
6 7 8 10 11
6 7 8 10 12
6 7 8 10 13
6 7 8 11 12
6 7 8 11 13
6 7 8 12 13
6 7 9 10 11
6 7 9 10 12
6 7 9 10 13
6 7 9 11 12
6 7 9 11 13
6 7 9 12 13
6 7 10 11 12
6 7 10 11 13
6 7 10 12 13
6 7 11 12 13
6 8 9 10 11
6 8 9 10 12
6 8 9 10 13
6 8 9 11 12
6 8 9 11 13
6 8 9 12 13
6 8 10 11 12
6 8 10 11 13
6 8 10 12 13
6 8 11 12 13
6 9 10 11 12
6 9 10 11 13
6 9 10 12 13
6 9 11 12 13
6 10 11 12 13
7 8 9 10 11
7 8 9 10 12
7 8 9 10 13
7 8 9 11 12
7 8 9 11 13
7 8 9 12 13
7 8 10 11 12
7 8 10 11 13
7 8 10 12 13
7 8 11 12 13
7 9 10 11 12
7 9 10 11 13
7 9 10 12 13
7 9 11 12 13
7 10 11 12 13
8 9 10 11 12
8 9 10 11 13
8 9 10 12 13
8 9 11 12 13
8 10 11 12 13
9 10 11 12 13

Is hamiltonian hermitian? 1
Implicit Hamiltonian constructed
E(core)= 9.189534427600
H(1,1) + E(core) energy = -76.326826302100
Davidson: iter=0 dim=0 root=0 eigenvalue=-85.516360729700
Davidson: iter=1 dim=1 root=0 eigenvalue=-85.556260041688
Davidson: iter=2 dim=2 root=0 eigenvalue=-85.560199822210
Davidson: iter=3 dim=3 root=0 eigenvalue=-85.560369723077
Davidson: iter=4 dim=4 root=0 eigenvalue=-85.560382532254
Davidson: iter=5 dim=5 root=0 eigenvalue=-85.560383251028
Davidson: iter=6 dim=6 root=0 eigenvalue=-85.560383314932
Davidson: iter=7 dim=7 root=0 eigenvalue=-85.560383319022
Davidson: iter=8 dim=8 root=0 eigenvalue=-85.560383319323
Davidson: iter=9 dim=9 root=0 eigenvalue=-85.560383319349
Davidson: iter=10 dim=10 root=0 eigenvalue=-85.560383319351
root no. 0 converged
Davidson converged in 10 iterations.
E(core)= 9.189534427600
E(0)= -76.370848891751
FCI Excitation energies = 1
0.000000000000

Vacuum coefficients in CI state 0 = -0.989405677081
Eigenvector 0 in string basis
0: -0.989405677081 seniority 0 ... 5
1 2 3 4 5
 | 5
1 2 3 4 5

Seniority vectors for all roots (nroots/seniority)
1 6
0.984095035600 0.003707550017 -0.979597825167 0.129250962420 1.000008826253 0.000000000062

Calculating transition densities
Root 0 MO occupations numbers (density matrix diagonal)
13
1.999996770424 1.995376211348 1.985104285982 1.987779331933 1.989220064959 0.004161343905 0.003955194348 0.004169719321 0.003810056397 0.007233631601 0.010282888047 0.002208984120 0.006701517627
Transition densities done:
Trandens between roots 0 0
13 13
1.999996770424 0.000026219850 -0.000000000000 -0.000017547872 0.000000000000 0.000233356165 -0.000000000000 -0.000000000000 0.000194947397 -0.000154109333 0.000000000000 -0.000148643740 -0.000000000000
0.000026219850 1.995376211348 0.000000000000 -0.003844701982 0.000000000000 -0.000285674779 0.000000000003 -0.000000000003 0.006835112169 0.004286374134 0.000000000000 0.001981612879 0.000000000004
-0.000000000000 0.000000000000 1.985104285982 -0.000000000002 0.000000000000 -0.000000000006 -0.002344961758 0.000192305662 -0.000000000010 0.000000000016 0.000000000000 -0.000000000008 -0.009402528929
-0.000017547872 -0.003844701982 -0.000000000002 1.987779331933 0.000000000000 0.004380264243 0.000000000009 0.000000000252 -0.004925138325 0.000214158910 0.000000000000 -0.007345612401 -0.000000000001
0.000000000000 0.000000000000 0.000000000000 0.000000000000 1.989220064959 0.000000000000 0.000000000000 0.000000000000 0.000000000000 0.000000000000 -0.011738884551 0.000000000000 0.000000000000
0.000233356165 -0.000285674779 -0.000000000006 0.004380264243 0.000000000000 0.004161343905 0.000000000000 0.000000000001 -0.001020877561 -0.004984191693 0.000000000000 -0.002378251125 0.000000000000
-0.000000000000 0.000000000003 -0.002344961758 0.000000000009 0.000000000000 0.000000000000 0.003955194348 0.003237929680 -0.000000000001 -0.000000000000 0.000000000000 -0.000000000000 0.005104445936
-0.000000000000 -0.000000000003 0.000192305662 0.000000000252 0.000000000000 0.000000000001 0.003237929680 0.004169719321 -0.000000000002 -0.000000000002 0.000000000000 -0.000000000002 0.004176791125
0.000194947397 0.006835112169 -0.000000000010 -0.004925138325 0.000000000000 -0.001020877561 -0.000000000001 -0.000000000002 0.003810056397 0.002176151903 0.000000000000 0.001302378529 -0.000000000000
-0.000154109333 0.004286374134 0.000000000016 0.000214158910 0.000000000000 -0.004984191693 -0.000000000000 -0.000000000002 0.002176151903 0.007233631601 0.000000000000 0.002586440651 -0.000000000000
0.000000000000 0.000000000000 0.000000000000 0.000000000000 -0.011738884551 0.000000000000 0.000000000000 0.000000000000 0.000000000000 0.000000000000 0.010282888047 0.000000000000 0.000000000000
-0.000148643740 0.001981612879 -0.000000000008 -0.007345612401 0.000000000000 -0.002378251125 -0.000000000000 -0.000000000002 0.001302378529 0.002586440651 0.000000000000 0.002208984120 -0.000000000000
-0.000000000000 0.000000000004 -0.009402528929 -0.000000000001 0.000000000000 0.000000000000 0.005104445936 0.004176791125 -0.000000000000 -0.000000000000 0.000000000000 -0.000000000000 0.006701517627

State 0 :
Natural orbital occupations
13
1.999997164298 1.997036347080 1.989289696559 1.986202708522 1.985151818838 0.013552020710 0.012882336893 0.010213256447 0.003161337554 0.001192233947 0.001130327130 0.000156108250 0.000034643784
Natural orbitals (in MO basis)
13 13
-0.999945469447 0.010433980028 0.000000000000 0.000394180442 0.000000000001 -0.000000000000 0.000116577570 -0.000000000000 -0.000135082089 -0.000000000000 -0.000054562504 0.000000091765 0.000000000000
-0.009466451440 -0.921863597031 0.000000000000 0.387376367585 0.000000000569 0.000000000007 -0.002928445996 -0.000000000000 -0.002886099246 -0.000000000002 -0.000486124798 -0.000550382689 0.000000000000
-0.000000000000 -0.000000000073 -0.000000000000 -0.000000001642 0.999987974916 0.003876006587 0.000000000007 0.000000000000 0.000000000009 0.002310832287 -0.000000000013 -0.000000000000 0.001920065194
0.004405411908 0.387338771320 0.000000000000 0.921913505869 0.000000001542 -0.000000000073 0.003012356482 0.000000000000 0.001874730054 0.000000000099 -0.003455013865 -0.000479842759 0.000000000002
0.000000000000 0.000000000000 0.999982407902 -0.000000000000 0.000000000000 0.000000000000 -0.000000000000 0.005931600634 -0.000000000000 -0.000000000000 0.000000000000 -0.000000000000 0.000000000000
-0.000106021765 0.000994529526 0.000000000000 0.001983410950 0.000000000000 0.000000001497 -0.535712649777 -0.000000000000 0.309661265428 0.000000000602 0.237555987644 0.748788405391 -0.000000000029
0.000000000000 0.000000000000 -0.000000000000 0.000000000007 -0.001195707319 0.531744486883 0.000000001546 0.000000000000 0.000000000126 0.287443345561 -0.000000000755 -0.000000000032 -0.796632094537
0.000000000001 0.000000000050 0.000000000000 0.000000000116 0.000085094033 0.490832375089 0.000000001266 -0.000000000000 -0.000000000326 -0.871152596526 0.000000002237 0.000000000050 0.013293829012
-0.000140788884 -0.004121475528 0.000000000000 -0.000956753623 -0.000000000007 -0.000000000876 0.277823909647 0.000000000000 0.935883278365 -0.000000000296 0.061371553974 -0.207730534851 -0.000000000054
0.000057616581 -0.001955023110 0.000000000000 0.000928774079 0.000000000009 -0.000000002061 0.727289335003 0.000000000000 -0.156674984882 0.000000001311 0.519444127345 0.420328779426 -0.000000000025
-0.000000000000 -0.000000000000 -0.005931600634 0.000000000000 -0.000000000000 0.000000000000 -0.000000000000 0.999982407902 0.000000000000 -0.000000000000 0.000000000000 -0.000000000000 0.000000000000
0.000048921178 -0.002349254780 0.000000000000 -0.003028239800 -0.000000000009 -0.000000000938 0.326892018274 0.000000000000 0.060609212623 -0.000000002152 -0.818514695805 0.468494538770 -0.000000000001
0.000000000000 -0.000000000002 0.000000000000 0.000000000008 -0.004755319788 0.690156762487 0.000000002040 -0.000000000000 0.000000000266 0.398075541465 -0.000000001008 -0.000000000007 0.604315226859

