Number of strings: 21 21, CI size = 441
String addressing array alpha: 5 7
0 5 6 6 6 6 6
0 0 4 5 5 5 5
0 0 0 3 4 4 4
0 0 0 0 2 3 3
0 0 0 0 0 1 2

Alpha strings 21 5
1 2 3 4 5
1 2 3 4 6
1 2 3 4 7
1 2 3 5 6
1 2 3 5 7
1 2 3 6 7
1 2 4 5 6
1 2 4 5 7
1 2 4 6 7
1 2 5 6 7
1 3 4 5 6
1 3 4 5 7
1 3 4 6 7
1 3 5 6 7
1 4 5 6 7
2 3 4 5 6
2 3 4 5 7
2 3 4 6 7
2 3 5 6 7
2 4 5 6 7
3 4 5 6 7

Is hamiltonian hermitian? 0
Implicit Hamiltonian constructed
E(core)= 9.189534427600
H(1,1) + E(core) energy = -76.416850699400
Davidson: iter=0 dim=0 root=0 eigenvalue=-85.606385127000
Davidson: iter=1 dim=1 root=0 eigenvalue=-85.606847507578
Davidson: iter=2 dim=2 root=0 eigenvalue=-85.606854488680
Davidson: iter=3 dim=3 root=0 eigenvalue=-85.606854536936
Davidson: iter=4 dim=4 root=0 eigenvalue=-85.606854537254
Davidson: iter=5 dim=5 root=0 eigenvalue=-85.606854537256
root no. 0 converged
Davidson converged in 5 iterations.
E(core)= 9.189534427600
E(0)= -76.417320109656
FCI Excitation energies = 1
0.000000000000

Vacuum coefficients in CI state 0 = 0.999877229124
Eigenvector 0 in string basis
0: 0.999877229124 seniority 0 ... 5
1 2 3 4 5
 | 5
1 2 3 4 5

Seniority vectors for all roots (nroots/seniority)
1 6
0.999882527896 0.000036477589 0.000080994514 0.000000000000 0.000000000000 0.000000000000

Calculating transition densities
Root 0 MO occupations numbers (density matrix diagonal)
7
1.999999970541 1.999893644024 1.999805356747 1.999861686427 1.999956069794 0.000314988204 0.000168284263
Transition densities done:
Trandens between roots 0 0
7 7
1.999999970541 0.000000410421 -0.000000000000 -0.000000058742 0.000000000000 -0.000148460184 0.000000000000
0.000000410421 1.999893644024 -0.000000000000 0.000109976728 0.000000000000 -0.000168394632 -0.000000000151
-0.000000000000 -0.000000000000 1.999805356747 0.000000000000 0.000000000000 0.000000000006 -0.001452347179
-0.000000058742 0.000109976728 0.000000000000 1.999861686427 0.000000000000 0.003809980283 0.000000000343
0.000000000000 0.000000000000 0.000000000000 0.000000000000 1.999956069794 0.000000000000 0.000000000000
-0.000148460184 -0.000168394632 0.000000000006 0.003809980283 0.000000000000 0.000314988204 -0.000000000000
0.000000000000 -0.000000000151 -0.001452347179 0.000000000343 0.000000000000 -0.000000000000 0.000168284263

State 0 :
Natural orbital occupations
7
1.999999983743 1.999991650828 1.999956069794 1.999806411594 1.999770951253 0.000307703371 0.000167229416
Natural orbitals (in MO basis)
7 7
-0.999941830559 -0.010528140903 -0.000000000021 -0.000000000015 0.002342698350 0.000074241307 0.000000000001
-0.009411219611 0.745586431621 -0.000000000009 0.000000002249 -0.666342475623 0.000084319380 0.000000000076
0.000000000009 -0.000000000224 0.000000000000 -0.999999736241 -0.000000003626 -0.000000000008 0.000726304813
-0.005268796804 0.666324675420 -0.000000000004 -0.000000002853 0.745640688331 -0.001905416230 -0.000000000185
-0.000000000022 0.000000000009 1.000000000000 0.000000000000 -0.000000000003 -0.000000000000 -0.000000000000
0.000064991404 0.001207542288 -0.000000000000 -0.000000000008 0.001476770219 0.999998178382 0.000000006874
-0.000000000000 0.000000000058 -0.000000000000 0.000726304813 0.000000000181 -0.000000006874 0.999999736241

