Number of strings: 126 126, CI size = 15876
String addressing array alpha: 5 9
0 35 50 55 56 56 56 56 56
0 0 20 30 34 35 35 35 35
0 0 0 10 16 19 20 20 20
0 0 0 0 4 7 9 10 10
0 0 0 0 0 1 2 3 4

Alpha strings 126 5
1 2 3 4 5
1 2 3 4 6
1 2 3 4 7
1 2 3 4 8
1 2 3 4 9
1 2 3 5 6
1 2 3 5 7
1 2 3 5 8
1 2 3 5 9
1 2 3 6 7
1 2 3 6 8
1 2 3 6 9
1 2 3 7 8
1 2 3 7 9
1 2 3 8 9
1 2 4 5 6
1 2 4 5 7
1 2 4 5 8
1 2 4 5 9
1 2 4 6 7
1 2 4 6 8
1 2 4 6 9
1 2 4 7 8
1 2 4 7 9
1 2 4 8 9
1 2 5 6 7
1 2 5 6 8
1 2 5 6 9
1 2 5 7 8
1 2 5 7 9
1 2 5 8 9
1 2 6 7 8
1 2 6 7 9
1 2 6 8 9
1 2 7 8 9
1 3 4 5 6
1 3 4 5 7
1 3 4 5 8
1 3 4 5 9
1 3 4 6 7
1 3 4 6 8
1 3 4 6 9
1 3 4 7 8
1 3 4 7 9
1 3 4 8 9
1 3 5 6 7
1 3 5 6 8
1 3 5 6 9
1 3 5 7 8
1 3 5 7 9
1 3 5 8 9
1 3 6 7 8
1 3 6 7 9
1 3 6 8 9
1 3 7 8 9
1 4 5 6 7
1 4 5 6 8
1 4 5 6 9
1 4 5 7 8
1 4 5 7 9
1 4 5 8 9
1 4 6 7 8
1 4 6 7 9
1 4 6 8 9
1 4 7 8 9
1 5 6 7 8
1 5 6 7 9
1 5 6 8 9
1 5 7 8 9
1 6 7 8 9
2 3 4 5 6
2 3 4 5 7
2 3 4 5 8
2 3 4 5 9
2 3 4 6 7
2 3 4 6 8
2 3 4 6 9
2 3 4 7 8
2 3 4 7 9
2 3 4 8 9
2 3 5 6 7
2 3 5 6 8
2 3 5 6 9
2 3 5 7 8
2 3 5 7 9
2 3 5 8 9
2 3 6 7 8
2 3 6 7 9
2 3 6 8 9
2 3 7 8 9
2 4 5 6 7
2 4 5 6 8
2 4 5 6 9
2 4 5 7 8
2 4 5 7 9
2 4 5 8 9
2 4 6 7 8
2 4 6 7 9
2 4 6 8 9
2 4 7 8 9
2 5 6 7 8
2 5 6 7 9
2 5 6 8 9
2 5 7 8 9
2 6 7 8 9
3 4 5 6 7
3 4 5 6 8
3 4 5 6 9
3 4 5 7 8
3 4 5 7 9
3 4 5 8 9
3 4 6 7 8
3 4 6 7 9
3 4 6 8 9
3 4 7 8 9
3 5 6 7 8
3 5 6 7 9
3 5 6 8 9
3 5 7 8 9
3 6 7 8 9
4 5 6 7 8
4 5 6 7 9
4 5 6 8 9
4 5 7 8 9
4 6 7 8 9
5 6 7 8 9

Is hamiltonian hermitian? 1
Implicit Hamiltonian constructed
E(core)= 9.189534427600
H(1,1) + E(core) energy = -76.201641435400
Davidson: iter=0 dim=0 root=0 eigenvalue=-85.391175863000
Davidson: iter=1 dim=1 root=0 eigenvalue=-85.417415052716
Davidson: iter=2 dim=2 root=0 eigenvalue=-85.418476105923
Davidson: iter=3 dim=3 root=0 eigenvalue=-85.418504351540
Davidson: iter=4 dim=4 root=0 eigenvalue=-85.418506021414
Davidson: iter=5 dim=5 root=0 eigenvalue=-85.418506102187
Davidson: iter=6 dim=6 root=0 eigenvalue=-85.418506107651
Davidson: iter=7 dim=7 root=0 eigenvalue=-85.418506107909
Davidson: iter=8 dim=8 root=0 eigenvalue=-85.418506107922
Davidson: iter=9 dim=9 root=0 eigenvalue=-85.418506107923
root no. 0 converged
Davidson converged in 9 iterations.
E(core)= 9.189534427600
E(0)= -76.228971680323
FCI Excitation energies = 1
0.000000000000

Vacuum coefficients in CI state 0 = -0.993247039184
Eigenvector 0 in string basis
0: -0.993247039184 seniority 0 ... 5
1 2 3 4 5
 | 5
1 2 3 4 5

Seniority vectors for all roots (nroots/seniority)
1 6
0.991700818971 0.003181805569 -0.988905851825 0.109231366070 1.000000000000 0.000000000000

Calculating transition densities
Root 0 MO occupations numbers (density matrix diagonal)
9
1.999998408093 1.995665339719 1.986525863651 1.991805086511 1.999137109628 0.005585047251 0.005492402050 0.008017874755 0.007772868342
Transition densities done:
Trandens between roots 0 0
9 9
1.999998408093 0.000027587767 0.000000000000 0.000005027921 0.000000000000 0.000107304807 0.000000000000 0.000000000000 -0.000078282390
0.000027587767 1.995665339719 0.000000000000 0.004499734031 0.000000000000 0.006281213035 0.000000000000 0.000000000000 0.000603916334
0.000000000000 0.000000000000 1.986525863651 0.000000000000 0.000000000000 0.000000000000 0.007905058430 -0.002668466488 0.000000000000
0.000005027921 0.004499734031 0.000000000000 1.991805086511 0.000000000000 -0.011176714257 0.000000000000 0.000000000000 0.004524735466
0.000000000000 0.000000000000 0.000000000000 0.000000000000 1.999137109628 0.000000000000 0.000000000000 0.000000000000 0.000000000000
0.000107304807 0.006281213035 0.000000000000 -0.011176714257 0.000000000000 0.005585047251 0.000000000000 0.000000000000 -0.005991747150
0.000000000000 0.000000000000 0.007905058430 0.000000000000 0.000000000000 0.000000000000 0.005492402050 -0.005698132194 0.000000000000
0.000000000000 0.000000000000 -0.002668466488 0.000000000000 0.000000000000 0.000000000000 -0.005698132194 0.008017874755 0.000000000000
-0.000078282390 0.000603916334 0.000000000000 0.004524735466 0.000000000000 -0.005991747150 0.000000000000 0.000000000000 0.007772868342

State 0 :
Natural orbital occupations
9
1.999998911381 1.999137109628 1.998635891357 1.988927554301 1.986561067797 0.012706261750 0.012566499193 0.000908573466 0.000558131126
Natural orbitals (in MO basis)
9 9
0.999822689786 0.000000000000 0.018799996631 -0.001069885358 0.000000000000 0.000064768223 -0.000000000000 -0.000000000000 0.000016321692
0.016274361262 0.000000000000 -0.834138503234 0.551305707471 0.000000000000 0.001798342900 -0.000000000000 -0.000000000000 0.002624016196
-0.000000000000 -0.000000000000 0.000000000000 -0.000000000000 0.999991098172 0.000000000000 0.003557837808 0.002268339913 0.000000000000
0.009472659700 0.000000000000 -0.551232278216 -0.834275823484 -0.000000000000 -0.005367294935 0.000000000000 0.000000000000 -0.002878656921
-0.000000000000 1.000000000000 -0.000000000000 0.000000000000 0.000000000000 0.000000000000 0.000000000000 -0.000000000000 0.000000000000
0.000052001828 0.000000000000 0.000467934304 0.006452613506 0.000000000000 -0.637926538841 0.000000000000 0.000000000000 -0.770070044317
-0.000000000000 -0.000000000000 0.000000000000 -0.000000000000 0.003994176861 -0.000000000000 -0.624881500573 -0.780709393304 -0.000000000000
0.000000000000 -0.000000000000 0.000000000000 0.000000000000 -0.001360193748 0.000000000000 0.780711503714 -0.624890148619 -0.000000000000
-0.000012995744 -0.000000000000 -0.001507992024 -0.001756810604 -0.000000000000 0.770076415011 -0.000000000000 0.000000000000 -0.637947454303

