Number of strings: 792 792, CI size = 627264
String addressing array alpha: 5 12
0 210 336 406 441 456 461 462 462 462 462 462
0 0 84 140 175 195 205 209 210 210 210 210
0 0 0 28 49 64 74 80 83 84 84 84
0 0 0 0 7 13 18 22 25 27 28 28
0 0 0 0 0 1 2 3 4 5 6 7

Alpha strings 792 5
1 2 3 4 5
1 2 3 4 6
1 2 3 4 7
1 2 3 4 8
1 2 3 4 9
1 2 3 4 10
1 2 3 4 11
1 2 3 4 12
1 2 3 5 6
1 2 3 5 7
1 2 3 5 8
1 2 3 5 9
1 2 3 5 10
1 2 3 5 11
1 2 3 5 12
1 2 3 6 7
1 2 3 6 8
1 2 3 6 9
1 2 3 6 10
1 2 3 6 11
1 2 3 6 12
1 2 3 7 8
1 2 3 7 9
1 2 3 7 10
1 2 3 7 11
1 2 3 7 12
1 2 3 8 9
1 2 3 8 10
1 2 3 8 11
1 2 3 8 12
1 2 3 9 10
1 2 3 9 11
1 2 3 9 12
1 2 3 10 11
1 2 3 10 12
1 2 3 11 12
1 2 4 5 6
1 2 4 5 7
1 2 4 5 8
1 2 4 5 9
1 2 4 5 10
1 2 4 5 11
1 2 4 5 12
1 2 4 6 7
1 2 4 6 8
1 2 4 6 9
1 2 4 6 10
1 2 4 6 11
1 2 4 6 12
1 2 4 7 8
1 2 4 7 9
1 2 4 7 10
1 2 4 7 11
1 2 4 7 12
1 2 4 8 9
1 2 4 8 10
1 2 4 8 11
1 2 4 8 12
1 2 4 9 10
1 2 4 9 11
1 2 4 9 12
1 2 4 10 11
1 2 4 10 12
1 2 4 11 12
1 2 5 6 7
1 2 5 6 8
1 2 5 6 9
1 2 5 6 10
1 2 5 6 11
1 2 5 6 12
1 2 5 7 8
1 2 5 7 9
1 2 5 7 10
1 2 5 7 11
1 2 5 7 12
1 2 5 8 9
1 2 5 8 10
1 2 5 8 11
1 2 5 8 12
1 2 5 9 10
1 2 5 9 11
1 2 5 9 12
1 2 5 10 11
1 2 5 10 12
1 2 5 11 12
1 2 6 7 8
1 2 6 7 9
1 2 6 7 10
1 2 6 7 11
1 2 6 7 12
1 2 6 8 9
1 2 6 8 10
1 2 6 8 11
1 2 6 8 12
1 2 6 9 10
1 2 6 9 11
1 2 6 9 12
1 2 6 10 11
1 2 6 10 12
1 2 6 11 12
1 2 7 8 9
1 2 7 8 10
1 2 7 8 11
1 2 7 8 12
1 2 7 9 10
1 2 7 9 11
1 2 7 9 12
1 2 7 10 11
1 2 7 10 12
1 2 7 11 12
1 2 8 9 10
1 2 8 9 11
1 2 8 9 12
1 2 8 10 11
1 2 8 10 12
1 2 8 11 12
1 2 9 10 11
1 2 9 10 12
1 2 9 11 12
1 2 10 11 12
1 3 4 5 6
1 3 4 5 7
1 3 4 5 8
1 3 4 5 9
1 3 4 5 10
1 3 4 5 11
1 3 4 5 12
1 3 4 6 7
1 3 4 6 8
1 3 4 6 9
1 3 4 6 10
1 3 4 6 11
1 3 4 6 12
1 3 4 7 8
1 3 4 7 9
1 3 4 7 10
1 3 4 7 11
1 3 4 7 12
1 3 4 8 9
1 3 4 8 10
1 3 4 8 11
1 3 4 8 12
1 3 4 9 10
1 3 4 9 11
1 3 4 9 12
1 3 4 10 11
1 3 4 10 12
1 3 4 11 12
1 3 5 6 7
1 3 5 6 8
1 3 5 6 9
1 3 5 6 10
1 3 5 6 11
1 3 5 6 12
1 3 5 7 8
1 3 5 7 9
1 3 5 7 10
1 3 5 7 11
1 3 5 7 12
1 3 5 8 9
1 3 5 8 10
1 3 5 8 11
1 3 5 8 12
1 3 5 9 10
1 3 5 9 11
1 3 5 9 12
1 3 5 10 11
1 3 5 10 12
1 3 5 11 12
1 3 6 7 8
1 3 6 7 9
1 3 6 7 10
1 3 6 7 11
1 3 6 7 12
1 3 6 8 9
1 3 6 8 10
1 3 6 8 11
1 3 6 8 12
1 3 6 9 10
1 3 6 9 11
1 3 6 9 12
1 3 6 10 11
1 3 6 10 12
1 3 6 11 12
1 3 7 8 9
1 3 7 8 10
1 3 7 8 11
1 3 7 8 12
1 3 7 9 10
1 3 7 9 11
1 3 7 9 12
1 3 7 10 11
1 3 7 10 12
1 3 7 11 12
1 3 8 9 10
1 3 8 9 11
1 3 8 9 12
1 3 8 10 11
1 3 8 10 12
1 3 8 11 12
1 3 9 10 11
1 3 9 10 12
1 3 9 11 12
1 3 10 11 12
1 4 5 6 7
1 4 5 6 8
1 4 5 6 9
1 4 5 6 10
1 4 5 6 11
1 4 5 6 12
1 4 5 7 8
1 4 5 7 9
1 4 5 7 10
1 4 5 7 11
1 4 5 7 12
1 4 5 8 9
1 4 5 8 10
1 4 5 8 11
1 4 5 8 12
1 4 5 9 10
1 4 5 9 11
1 4 5 9 12
1 4 5 10 11
1 4 5 10 12
1 4 5 11 12
1 4 6 7 8
1 4 6 7 9
1 4 6 7 10
1 4 6 7 11
1 4 6 7 12
1 4 6 8 9
1 4 6 8 10
1 4 6 8 11
1 4 6 8 12
1 4 6 9 10
1 4 6 9 11
1 4 6 9 12
1 4 6 10 11
1 4 6 10 12
1 4 6 11 12
1 4 7 8 9
1 4 7 8 10
1 4 7 8 11
1 4 7 8 12
1 4 7 9 10
1 4 7 9 11
1 4 7 9 12
1 4 7 10 11
1 4 7 10 12
1 4 7 11 12
1 4 8 9 10
1 4 8 9 11
1 4 8 9 12
1 4 8 10 11
1 4 8 10 12
1 4 8 11 12
1 4 9 10 11
1 4 9 10 12
1 4 9 11 12
1 4 10 11 12
1 5 6 7 8
1 5 6 7 9
1 5 6 7 10
1 5 6 7 11
1 5 6 7 12
1 5 6 8 9
1 5 6 8 10
1 5 6 8 11
1 5 6 8 12
1 5 6 9 10
1 5 6 9 11
1 5 6 9 12
1 5 6 10 11
1 5 6 10 12
1 5 6 11 12
1 5 7 8 9
1 5 7 8 10
1 5 7 8 11
1 5 7 8 12
1 5 7 9 10
1 5 7 9 11
1 5 7 9 12
1 5 7 10 11
1 5 7 10 12
1 5 7 11 12
1 5 8 9 10
1 5 8 9 11
1 5 8 9 12
1 5 8 10 11
1 5 8 10 12
1 5 8 11 12
1 5 9 10 11
1 5 9 10 12
1 5 9 11 12
1 5 10 11 12
1 6 7 8 9
1 6 7 8 10
1 6 7 8 11
1 6 7 8 12
1 6 7 9 10
1 6 7 9 11
1 6 7 9 12
1 6 7 10 11
1 6 7 10 12
1 6 7 11 12
1 6 8 9 10
1 6 8 9 11
1 6 8 9 12
1 6 8 10 11
1 6 8 10 12
1 6 8 11 12
1 6 9 10 11
1 6 9 10 12
1 6 9 11 12
1 6 10 11 12
1 7 8 9 10
1 7 8 9 11
1 7 8 9 12
1 7 8 10 11
1 7 8 10 12
1 7 8 11 12
1 7 9 10 11
1 7 9 10 12
1 7 9 11 12
1 7 10 11 12
1 8 9 10 11
1 8 9 10 12
1 8 9 11 12
1 8 10 11 12
1 9 10 11 12
2 3 4 5 6
2 3 4 5 7
2 3 4 5 8
2 3 4 5 9
2 3 4 5 10
2 3 4 5 11
2 3 4 5 12
2 3 4 6 7
2 3 4 6 8
2 3 4 6 9
2 3 4 6 10
2 3 4 6 11
2 3 4 6 12
2 3 4 7 8
2 3 4 7 9
2 3 4 7 10
2 3 4 7 11
2 3 4 7 12
2 3 4 8 9
2 3 4 8 10
2 3 4 8 11
2 3 4 8 12
2 3 4 9 10
2 3 4 9 11
2 3 4 9 12
2 3 4 10 11
2 3 4 10 12
2 3 4 11 12
2 3 5 6 7
2 3 5 6 8
2 3 5 6 9
2 3 5 6 10
2 3 5 6 11
2 3 5 6 12
2 3 5 7 8
2 3 5 7 9
2 3 5 7 10
2 3 5 7 11
2 3 5 7 12
2 3 5 8 9
2 3 5 8 10
2 3 5 8 11
2 3 5 8 12
2 3 5 9 10
2 3 5 9 11
2 3 5 9 12
2 3 5 10 11
2 3 5 10 12
2 3 5 11 12
2 3 6 7 8
2 3 6 7 9
2 3 6 7 10
2 3 6 7 11
2 3 6 7 12
2 3 6 8 9
2 3 6 8 10
2 3 6 8 11
2 3 6 8 12
2 3 6 9 10
2 3 6 9 11
2 3 6 9 12
2 3 6 10 11
2 3 6 10 12
2 3 6 11 12
2 3 7 8 9
2 3 7 8 10
2 3 7 8 11
2 3 7 8 12
2 3 7 9 10
2 3 7 9 11
2 3 7 9 12
2 3 7 10 11
2 3 7 10 12
2 3 7 11 12
2 3 8 9 10
2 3 8 9 11
2 3 8 9 12
2 3 8 10 11
2 3 8 10 12
2 3 8 11 12
2 3 9 10 11
2 3 9 10 12
2 3 9 11 12
2 3 10 11 12
2 4 5 6 7
2 4 5 6 8
2 4 5 6 9
2 4 5 6 10
2 4 5 6 11
2 4 5 6 12
2 4 5 7 8
2 4 5 7 9
2 4 5 7 10
2 4 5 7 11
2 4 5 7 12
2 4 5 8 9
2 4 5 8 10
2 4 5 8 11
2 4 5 8 12
2 4 5 9 10
2 4 5 9 11
2 4 5 9 12
2 4 5 10 11
2 4 5 10 12
2 4 5 11 12
2 4 6 7 8
2 4 6 7 9
2 4 6 7 10
2 4 6 7 11
2 4 6 7 12
2 4 6 8 9
2 4 6 8 10
2 4 6 8 11
2 4 6 8 12
2 4 6 9 10
2 4 6 9 11
2 4 6 9 12
2 4 6 10 11
2 4 6 10 12
2 4 6 11 12
2 4 7 8 9
2 4 7 8 10
2 4 7 8 11
2 4 7 8 12
2 4 7 9 10
2 4 7 9 11
2 4 7 9 12
2 4 7 10 11
2 4 7 10 12
2 4 7 11 12
2 4 8 9 10
2 4 8 9 11
2 4 8 9 12
2 4 8 10 11
2 4 8 10 12
2 4 8 11 12
2 4 9 10 11
2 4 9 10 12
2 4 9 11 12
2 4 10 11 12
2 5 6 7 8
2 5 6 7 9
2 5 6 7 10
2 5 6 7 11
2 5 6 7 12
2 5 6 8 9
2 5 6 8 10
2 5 6 8 11
2 5 6 8 12
2 5 6 9 10
2 5 6 9 11
2 5 6 9 12
2 5 6 10 11
2 5 6 10 12
2 5 6 11 12
2 5 7 8 9
2 5 7 8 10
2 5 7 8 11
2 5 7 8 12
2 5 7 9 10
2 5 7 9 11
2 5 7 9 12
2 5 7 10 11
2 5 7 10 12
2 5 7 11 12
2 5 8 9 10
2 5 8 9 11
2 5 8 9 12
2 5 8 10 11
2 5 8 10 12
2 5 8 11 12
2 5 9 10 11
2 5 9 10 12
2 5 9 11 12
2 5 10 11 12
2 6 7 8 9
2 6 7 8 10
2 6 7 8 11
2 6 7 8 12
2 6 7 9 10
2 6 7 9 11
2 6 7 9 12
2 6 7 10 11
2 6 7 10 12
2 6 7 11 12
2 6 8 9 10
2 6 8 9 11
2 6 8 9 12
2 6 8 10 11
2 6 8 10 12
2 6 8 11 12
2 6 9 10 11
2 6 9 10 12
2 6 9 11 12
2 6 10 11 12
2 7 8 9 10
2 7 8 9 11
2 7 8 9 12
2 7 8 10 11
2 7 8 10 12
2 7 8 11 12
2 7 9 10 11
2 7 9 10 12
2 7 9 11 12
2 7 10 11 12
2 8 9 10 11
2 8 9 10 12
2 8 9 11 12
2 8 10 11 12
2 9 10 11 12
3 4 5 6 7
3 4 5 6 8
3 4 5 6 9
3 4 5 6 10
3 4 5 6 11
3 4 5 6 12
3 4 5 7 8
3 4 5 7 9
3 4 5 7 10
3 4 5 7 11
3 4 5 7 12
3 4 5 8 9
3 4 5 8 10
3 4 5 8 11
3 4 5 8 12
3 4 5 9 10
3 4 5 9 11
3 4 5 9 12
3 4 5 10 11
3 4 5 10 12
3 4 5 11 12
3 4 6 7 8
3 4 6 7 9
3 4 6 7 10
3 4 6 7 11
3 4 6 7 12
3 4 6 8 9
3 4 6 8 10
3 4 6 8 11
3 4 6 8 12
3 4 6 9 10
3 4 6 9 11
3 4 6 9 12
3 4 6 10 11
3 4 6 10 12
3 4 6 11 12
3 4 7 8 9
3 4 7 8 10
3 4 7 8 11
3 4 7 8 12
3 4 7 9 10
3 4 7 9 11
3 4 7 9 12
3 4 7 10 11
3 4 7 10 12
3 4 7 11 12
3 4 8 9 10
3 4 8 9 11
3 4 8 9 12
3 4 8 10 11
3 4 8 10 12
3 4 8 11 12
3 4 9 10 11
3 4 9 10 12
3 4 9 11 12
3 4 10 11 12
3 5 6 7 8
3 5 6 7 9
3 5 6 7 10
3 5 6 7 11
3 5 6 7 12
3 5 6 8 9
3 5 6 8 10
3 5 6 8 11
3 5 6 8 12
3 5 6 9 10
3 5 6 9 11
3 5 6 9 12
3 5 6 10 11
3 5 6 10 12
3 5 6 11 12
3 5 7 8 9
3 5 7 8 10
3 5 7 8 11
3 5 7 8 12
3 5 7 9 10
3 5 7 9 11
3 5 7 9 12
3 5 7 10 11
3 5 7 10 12
3 5 7 11 12
3 5 8 9 10
3 5 8 9 11
3 5 8 9 12
3 5 8 10 11
3 5 8 10 12
3 5 8 11 12
3 5 9 10 11
3 5 9 10 12
3 5 9 11 12
3 5 10 11 12
3 6 7 8 9
3 6 7 8 10
3 6 7 8 11
3 6 7 8 12
3 6 7 9 10
3 6 7 9 11
3 6 7 9 12
3 6 7 10 11
3 6 7 10 12
3 6 7 11 12
3 6 8 9 10
3 6 8 9 11
3 6 8 9 12
3 6 8 10 11
3 6 8 10 12
3 6 8 11 12
3 6 9 10 11
3 6 9 10 12
3 6 9 11 12
3 6 10 11 12
3 7 8 9 10
3 7 8 9 11
3 7 8 9 12
3 7 8 10 11
3 7 8 10 12
3 7 8 11 12
3 7 9 10 11
3 7 9 10 12
3 7 9 11 12
3 7 10 11 12
3 8 9 10 11
3 8 9 10 12
3 8 9 11 12
3 8 10 11 12
3 9 10 11 12
4 5 6 7 8
4 5 6 7 9
4 5 6 7 10
4 5 6 7 11
4 5 6 7 12
4 5 6 8 9
4 5 6 8 10
4 5 6 8 11
4 5 6 8 12
4 5 6 9 10
4 5 6 9 11
4 5 6 9 12
4 5 6 10 11
4 5 6 10 12
4 5 6 11 12
4 5 7 8 9
4 5 7 8 10
4 5 7 8 11
4 5 7 8 12
4 5 7 9 10
4 5 7 9 11
4 5 7 9 12
4 5 7 10 11
4 5 7 10 12
4 5 7 11 12
4 5 8 9 10
4 5 8 9 11
4 5 8 9 12
4 5 8 10 11
4 5 8 10 12
4 5 8 11 12
4 5 9 10 11
4 5 9 10 12
4 5 9 11 12
4 5 10 11 12
4 6 7 8 9
4 6 7 8 10
4 6 7 8 11
4 6 7 8 12
4 6 7 9 10
4 6 7 9 11
4 6 7 9 12
4 6 7 10 11
4 6 7 10 12
4 6 7 11 12
4 6 8 9 10
4 6 8 9 11
4 6 8 9 12
4 6 8 10 11
4 6 8 10 12
4 6 8 11 12
4 6 9 10 11
4 6 9 10 12
4 6 9 11 12
4 6 10 11 12
4 7 8 9 10
4 7 8 9 11
4 7 8 9 12
4 7 8 10 11
4 7 8 10 12
4 7 8 11 12
4 7 9 10 11
4 7 9 10 12
4 7 9 11 12
4 7 10 11 12
4 8 9 10 11
4 8 9 10 12
4 8 9 11 12
4 8 10 11 12
4 9 10 11 12
5 6 7 8 9
5 6 7 8 10
5 6 7 8 11
5 6 7 8 12
5 6 7 9 10
5 6 7 9 11
5 6 7 9 12
5 6 7 10 11
5 6 7 10 12
5 6 7 11 12
5 6 8 9 10
5 6 8 9 11
5 6 8 9 12
5 6 8 10 11
5 6 8 10 12
5 6 8 11 12
5 6 9 10 11
5 6 9 10 12
5 6 9 11 12
5 6 10 11 12
5 7 8 9 10
5 7 8 9 11
5 7 8 9 12
5 7 8 10 11
5 7 8 10 12
5 7 8 11 12
5 7 9 10 11
5 7 9 10 12
5 7 9 11 12
5 7 10 11 12
5 8 9 10 11
5 8 9 10 12
5 8 9 11 12
5 8 10 11 12
5 9 10 11 12
6 7 8 9 10
6 7 8 9 11
6 7 8 9 12
6 7 8 10 11
6 7 8 10 12
6 7 8 11 12
6 7 9 10 11
6 7 9 10 12
6 7 9 11 12
6 7 10 11 12
6 8 9 10 11
6 8 9 10 12
6 8 9 11 12
6 8 10 11 12
6 9 10 11 12
7 8 9 10 11
7 8 9 10 12
7 8 9 11 12
7 8 10 11 12
7 9 10 11 12
8 9 10 11 12

Is hamiltonian hermitian? 1
Implicit Hamiltonian constructed
E(core)= 9.189534427600
H(1,1) + E(core) energy = -76.340500632600
Davidson: iter=0 dim=0 root=0 eigenvalue=-85.530035060200
Davidson: iter=1 dim=1 root=0 eigenvalue=-85.557380090521
Davidson: iter=2 dim=2 root=0 eigenvalue=-85.559680861437
Davidson: iter=3 dim=3 root=0 eigenvalue=-85.559753451028
Davidson: iter=4 dim=4 root=0 eigenvalue=-85.559758419355
Davidson: iter=5 dim=5 root=0 eigenvalue=-85.559758668107
Davidson: iter=6 dim=6 root=0 eigenvalue=-85.559758686881
Davidson: iter=7 dim=7 root=0 eigenvalue=-85.559758687819
Davidson: iter=8 dim=8 root=0 eigenvalue=-85.559758687873
Davidson: iter=9 dim=9 root=0 eigenvalue=-85.559758687876
root no. 0 converged
Davidson converged in 9 iterations.
E(core)= 9.189534427600
E(0)= -76.370224260276
FCI Excitation energies = 1
0.000000000000

Vacuum coefficients in CI state 0 = -0.992454181027
Eigenvector 0 in string basis
0: -0.992454181027 seniority 0 ... 5
1 2 3 4 5
 | 5
1 2 3 4 5

Seniority vectors for all roots (nroots/seniority)
1 6
0.989403545049 0.002388635352 -0.985746636191 0.110722605560 1.000003008159 0.000000000026

Calculating transition densities
Root 0 MO occupations numbers (density matrix diagonal)
12
1.999997775868 1.996440514034 1.992368309157 1.989933012456 1.991093774975 0.003518320820 0.003261649765 0.003632259372 0.003155313190 0.006163074524 0.008503113226 0.001932882618
Transition densities done:
Trandens between roots 0 0
12 12
1.999997775868 0.000015588848 0.000000000000 -0.000008101528 0.000000000000 0.000236225596 -0.000000000000 -0.000000000000 0.000197323531 -0.000155090985 0.000000000000 -0.000149967199
0.000015588848 1.996440514034 0.000000000000 -0.003208760805 0.000000000000 0.000082543108 0.000000000003 -0.000000000003 0.007001807696 0.004022687218 0.000000000000 0.001883903050
0.000000000000 0.000000000000 1.992368309157 -0.000000000002 0.000000000000 -0.000000000006 -0.002091764126 0.000347646991 -0.000000000010 0.000000000016 0.000000000000 -0.000000000008
-0.000008101528 -0.003208760805 -0.000000000002 1.989933012456 0.000000000000 0.004888345882 0.000000000008 0.000000000250 -0.005389902313 -0.000168993764 0.000000000000 -0.007612623506
0.000000000000 0.000000000000 0.000000000000 0.000000000000 1.991093774975 0.000000000000 0.000000000000 0.000000000000 0.000000000000 0.000000000000 -0.012806568324 0.000000000000
0.000236225596 0.000082543108 -0.000000000006 0.004888345882 0.000000000000 0.003518320820 0.000000000000 0.000000000001 -0.000825309130 -0.004231766658 0.000000000000 -0.001994313635
-0.000000000000 0.000000000003 -0.002091764126 0.000000000008 0.000000000000 0.000000000000 0.003261649765 0.002670975997 -0.000000000000 -0.000000000000 0.000000000000 -0.000000000000
-0.000000000000 -0.000000000003 0.000347646991 0.000000000250 0.000000000000 0.000000000001 0.002670975997 0.003632259372 -0.000000000002 -0.000000000002 0.000000000000 -0.000000000002
0.000197323531 0.007001807696 -0.000000000010 -0.005389902313 0.000000000000 -0.000825309130 -0.000000000000 -0.000000000002 0.003155313190 0.001709275978 0.000000000000 0.001077736311
-0.000155090985 0.004022687218 0.000000000016 -0.000168993764 0.000000000000 -0.004231766658 -0.000000000000 -0.000000000002 0.001709275978 0.006163074524 0.000000000000 0.002127036121
0.000000000000 0.000000000000 0.000000000000 0.000000000000 -0.012806568324 0.000000000000 0.000000000000 0.000000000000 0.000000000000 0.000000000000 0.008503113226 0.000000000000
-0.000149967199 0.001883903050 -0.000000000008 -0.007612623506 0.000000000000 -0.001994313635 -0.000000000000 -0.000000000002 0.001077736311 0.002127036121 0.000000000000 0.001932882618

State 0 :
Natural orbital occupations
12
1.999997986691 1.997812544648 1.992370568668 1.991176495706 1.988651193656 0.010824190461 0.008420392494 0.006123658511 0.002671148280 0.001040782010 0.000767991116 0.000143047764
Natural orbitals (in MO basis)
12 12
-0.999967968762 0.008001271746 0.000000000000 0.000000000000 -0.000074665416 0.000119618689 0.000000000000 -0.000000000000 0.000132559557 0.000060306364 -0.000000000000 -0.000002978240
-0.007365367400 -0.924076116050 -0.000000000270 -0.000000000000 -0.382114865459 -0.002685224404 -0.000000000000 0.000000000000 0.003057476704 0.000595245857 0.000000000001 -0.000632291301
-0.000000000001 -0.000000000126 0.999999432272 -0.000000000000 -0.000000000401 -0.000000000005 -0.000000000000 -0.000590292675 -0.000000000008 0.000000000006 -0.000887136089 -0.000000000000
0.003126607743 0.382087800855 -0.000000000322 -0.000000000000 -0.924105524327 0.003351578703 0.000000000000 0.000000000094 -0.002178668419 0.003424747925 -0.000000000083 -0.000638824411
0.000000000000 0.000000000000 0.000000000000 0.999979139745 -0.000000000000 -0.000000000000 0.006459107833 0.000000000000 0.000000000000 -0.000000000000 -0.000000000000 -0.000000000000
-0.000111100822 0.000907415020 -0.000000000004 -0.000000000000 -0.002293700974 -0.539590679129 -0.000000000000 0.000000000327 -0.284759226104 -0.231814577424 0.000000000061 0.757634467952
0.000000000000 0.000000000000 -0.001051375208 -0.000000000000 -0.000000000004 -0.000000000220 -0.000000000000 -0.682055809279 -0.000000000371 -0.000000000300 -0.731299369368 -0.000000000035
0.000000000000 0.000000000049 0.000173395662 0.000000000000 -0.000000000116 -0.000000000384 0.000000000000 -0.731299886902 -0.000000000040 0.000000000239 0.682056042676 0.000000000045
-0.000132950096 -0.004278713476 -0.000000000005 -0.000000000000 0.001163173067 0.261878683900 0.000000000000 0.000000000154 -0.939527610958 -0.099372628824 0.000000000305 -0.197009709837
0.000062839572 -0.001907565380 0.000000000007 0.000000000000 -0.000687261946 0.731477246604 0.000000000000 -0.000000000344 0.166840900195 -0.502182848367 0.000000000201 0.430015608375
0.000000000000 0.000000000000 -0.000000000000 -0.006459107833 -0.000000000000 -0.000000000000 0.999979139745 0.000000000000 0.000000000000 -0.000000000000 -0.000000000000 -0.000000000000
0.000056302978 -0.002335430768 -0.000000000003 0.000000000000 0.003180811975 0.324320880916 0.000000000000 -0.000000000135 -0.091378624884 0.827156201867 -0.000000000286 0.449736540495

