Number of strings: 252 252, CI size = 63504
String addressing array alpha: 5 10
0 70 105 120 125 126 126 126 126 126
0 0 35 55 65 69 70 70 70 70
0 0 0 15 25 31 34 35 35 35
0 0 0 0 5 9 12 14 15 15
0 0 0 0 0 1 2 3 4 5

Alpha strings 252 5
1 2 3 4 5
1 2 3 4 6
1 2 3 4 7
1 2 3 4 8
1 2 3 4 9
1 2 3 4 10
1 2 3 5 6
1 2 3 5 7
1 2 3 5 8
1 2 3 5 9
1 2 3 5 10
1 2 3 6 7
1 2 3 6 8
1 2 3 6 9
1 2 3 6 10
1 2 3 7 8
1 2 3 7 9
1 2 3 7 10
1 2 3 8 9
1 2 3 8 10
1 2 3 9 10
1 2 4 5 6
1 2 4 5 7
1 2 4 5 8
1 2 4 5 9
1 2 4 5 10
1 2 4 6 7
1 2 4 6 8
1 2 4 6 9
1 2 4 6 10
1 2 4 7 8
1 2 4 7 9
1 2 4 7 10
1 2 4 8 9
1 2 4 8 10
1 2 4 9 10
1 2 5 6 7
1 2 5 6 8
1 2 5 6 9
1 2 5 6 10
1 2 5 7 8
1 2 5 7 9
1 2 5 7 10
1 2 5 8 9
1 2 5 8 10
1 2 5 9 10
1 2 6 7 8
1 2 6 7 9
1 2 6 7 10
1 2 6 8 9
1 2 6 8 10
1 2 6 9 10
1 2 7 8 9
1 2 7 8 10
1 2 7 9 10
1 2 8 9 10
1 3 4 5 6
1 3 4 5 7
1 3 4 5 8
1 3 4 5 9
1 3 4 5 10
1 3 4 6 7
1 3 4 6 8
1 3 4 6 9
1 3 4 6 10
1 3 4 7 8
1 3 4 7 9
1 3 4 7 10
1 3 4 8 9
1 3 4 8 10
1 3 4 9 10
1 3 5 6 7
1 3 5 6 8
1 3 5 6 9
1 3 5 6 10
1 3 5 7 8
1 3 5 7 9
1 3 5 7 10
1 3 5 8 9
1 3 5 8 10
1 3 5 9 10
1 3 6 7 8
1 3 6 7 9
1 3 6 7 10
1 3 6 8 9
1 3 6 8 10
1 3 6 9 10
1 3 7 8 9
1 3 7 8 10
1 3 7 9 10
1 3 8 9 10
1 4 5 6 7
1 4 5 6 8
1 4 5 6 9
1 4 5 6 10
1 4 5 7 8
1 4 5 7 9
1 4 5 7 10
1 4 5 8 9
1 4 5 8 10
1 4 5 9 10
1 4 6 7 8
1 4 6 7 9
1 4 6 7 10
1 4 6 8 9
1 4 6 8 10
1 4 6 9 10
1 4 7 8 9
1 4 7 8 10
1 4 7 9 10
1 4 8 9 10
1 5 6 7 8
1 5 6 7 9
1 5 6 7 10
1 5 6 8 9
1 5 6 8 10
1 5 6 9 10
1 5 7 8 9
1 5 7 8 10
1 5 7 9 10
1 5 8 9 10
1 6 7 8 9
1 6 7 8 10
1 6 7 9 10
1 6 8 9 10
1 7 8 9 10
2 3 4 5 6
2 3 4 5 7
2 3 4 5 8
2 3 4 5 9
2 3 4 5 10
2 3 4 6 7
2 3 4 6 8
2 3 4 6 9
2 3 4 6 10
2 3 4 7 8
2 3 4 7 9
2 3 4 7 10
2 3 4 8 9
2 3 4 8 10
2 3 4 9 10
2 3 5 6 7
2 3 5 6 8
2 3 5 6 9
2 3 5 6 10
2 3 5 7 8
2 3 5 7 9
2 3 5 7 10
2 3 5 8 9
2 3 5 8 10
2 3 5 9 10
2 3 6 7 8
2 3 6 7 9
2 3 6 7 10
2 3 6 8 9
2 3 6 8 10
2 3 6 9 10
2 3 7 8 9
2 3 7 8 10
2 3 7 9 10
2 3 8 9 10
2 4 5 6 7
2 4 5 6 8
2 4 5 6 9
2 4 5 6 10
2 4 5 7 8
2 4 5 7 9
2 4 5 7 10
2 4 5 8 9
2 4 5 8 10
2 4 5 9 10
2 4 6 7 8
2 4 6 7 9
2 4 6 7 10
2 4 6 8 9
2 4 6 8 10
2 4 6 9 10
2 4 7 8 9
2 4 7 8 10
2 4 7 9 10
2 4 8 9 10
2 5 6 7 8
2 5 6 7 9
2 5 6 7 10
2 5 6 8 9
2 5 6 8 10
2 5 6 9 10
2 5 7 8 9
2 5 7 8 10
2 5 7 9 10
2 5 8 9 10
2 6 7 8 9
2 6 7 8 10
2 6 7 9 10
2 6 8 9 10
2 7 8 9 10
3 4 5 6 7
3 4 5 6 8
3 4 5 6 9
3 4 5 6 10
3 4 5 7 8
3 4 5 7 9
3 4 5 7 10
3 4 5 8 9
3 4 5 8 10
3 4 5 9 10
3 4 6 7 8
3 4 6 7 9
3 4 6 7 10
3 4 6 8 9
3 4 6 8 10
3 4 6 9 10
3 4 7 8 9
3 4 7 8 10
3 4 7 9 10
3 4 8 9 10
3 5 6 7 8
3 5 6 7 9
3 5 6 7 10
3 5 6 8 9
3 5 6 8 10
3 5 6 9 10
3 5 7 8 9
3 5 7 8 10
3 5 7 9 10
3 5 8 9 10
3 6 7 8 9
3 6 7 8 10
3 6 7 9 10
3 6 8 9 10
3 7 8 9 10
4 5 6 7 8
4 5 6 7 9
4 5 6 7 10
4 5 6 8 9
4 5 6 8 10
4 5 6 9 10
4 5 7 8 9
4 5 7 8 10
4 5 7 9 10
4 5 8 9 10
4 6 7 8 9
4 6 7 8 10
4 6 7 9 10
4 6 8 9 10
4 7 8 9 10
5 6 7 8 9
5 6 7 8 10
5 6 7 9 10
5 6 8 9 10
5 7 8 9 10
6 7 8 9 10

Is hamiltonian hermitian? 1
Implicit Hamiltonian constructed
E(core)= 9.189534427600
H(1,1) + E(core) energy = -76.187222327700
Davidson: iter=0 dim=0 root=0 eigenvalue=-85.376756755300
Davidson: iter=1 dim=1 root=0 eigenvalue=-85.415478405329
Davidson: iter=2 dim=2 root=0 eigenvalue=-85.417219379607
Davidson: iter=3 dim=3 root=0 eigenvalue=-85.417313639439
Davidson: iter=4 dim=4 root=0 eigenvalue=-85.417317146404
Davidson: iter=5 dim=5 root=0 eigenvalue=-85.417317444799
Davidson: iter=6 dim=6 root=0 eigenvalue=-85.417317465143
Davidson: iter=7 dim=7 root=0 eigenvalue=-85.417317466997
Davidson: iter=8 dim=8 root=0 eigenvalue=-85.417317467097
Davidson: iter=9 dim=9 root=0 eigenvalue=-85.417317467105
Davidson: iter=10 dim=10 root=0 eigenvalue=-85.417317467105
root no. 0 converged
Davidson converged in 10 iterations.
E(core)= 9.189534427600
E(0)= -76.227783039505
FCI Excitation energies = 1
0.000000000000

Vacuum coefficients in CI state 0 = -0.990922282847
Eigenvector 0 in string basis
0: -0.990922282847 seniority 0 ... 5
1 2 3 4 5
 | 5
1 2 3 4 5

Seniority vectors for all roots (nroots/seniority)
1 6
0.988512843673 0.003897641233 -0.984519060961 0.125521586584 1.000000001018 0.000000000000

Calculating transition densities
Root 0 MO occupations numbers (density matrix diagonal)
10
1.999993700364 1.994853193662 1.984146273985 1.985803267157 1.999004045438 0.006275178853 0.006783046983 0.008857807519 0.008371874634 0.005911611405
Transition densities done:
Trandens between roots 0 0
10 10
1.999993700364 0.000030013486 0.000000000000 0.000033364022 0.000000000000 0.000100497487 0.000000000000 0.000000000000 -0.000073624744 0.000129823342
0.000030013486 1.994853193662 0.000000000000 0.004710953996 0.000000000000 0.005934973546 0.000000000000 0.000000000000 0.000621867423 0.007676665339
0.000000000000 0.000000000000 1.984146273985 0.000000000000 0.000000000000 0.000000000000 0.006992026467 -0.002343491617 0.000000000000 0.000000000000
0.000033364022 0.004710953996 0.000000000000 1.985803267157 0.000000000000 -0.011081826313 0.000000000000 0.000000000000 0.004818674894 -0.002120206890
0.000000000000 0.000000000000 0.000000000000 0.000000000000 1.999004045438 0.000000000000 0.000000000000 0.000000000000 0.000000000000 0.000000000000
0.000100497487 0.005934973546 0.000000000000 -0.011081826313 0.000000000000 0.006275178853 0.000000000000 0.000000000000 -0.006502720573 -0.002571159722
0.000000000000 0.000000000000 0.006992026467 0.000000000000 0.000000000000 0.000000000000 0.006783046983 -0.006687499522 0.000000000000 0.000000000000
0.000000000000 0.000000000000 -0.002343491617 0.000000000000 0.000000000000 0.000000000000 -0.006687499522 0.008857807519 0.000000000000 0.000000000000
-0.000073624744 0.000621867423 0.000000000000 0.004818674894 0.000000000000 -0.006502720573 0.000000000000 0.000000000000 0.008371874634 0.002399985243
0.000129823342 0.007676665339 0.000000000000 -0.002120206890 0.000000000000 -0.002571159722 0.000000000000 0.000000000000 0.002399985243 0.005911611405

State 0 :
Natural orbital occupations
10
1.999994277771 1.999004045438 1.996882990742 1.984173834409 1.983896750578 0.015177558253 0.014567582383 0.004591404538 0.001045711695 0.000665844194
Natural orbitals (in MO basis)
10 10
-0.999912380728 0.000000000000 0.013190557266 -0.000000000000 -0.001109919593 0.000034125987 -0.000000000000 -0.000080395578 -0.000000000000 -0.000022714013
-0.011707841324 -0.000000000000 -0.920421679451 0.000000000000 -0.390721037790 0.000251543148 -0.000000000000 -0.003929858214 0.000000000000 -0.002902071187
0.000000000000 0.000000000000 -0.000000000000 -0.999993016086 0.000000000000 0.000000000000 0.003211629422 -0.000000000000 -0.001911338771 -0.000000000000
-0.006176056799 -0.000000000000 -0.390689496439 0.000000000000 0.920480810111 -0.004791327317 -0.000000000000 0.002655801815 -0.000000000000 0.002939695853
0.000000000000 1.000000000000 -0.000000000000 0.000000000000 0.000000000000 0.000000000000 -0.000000000000 -0.000000000000 -0.000000000000 0.000000000000
-0.000050852680 -0.000000000000 -0.000560482438 0.000000000000 -0.006334451196 -0.612399369965 0.000000000000 0.148659267935 -0.000000000000 0.776419340128
0.000000000000 0.000000000000 0.000000000000 -0.003540014317 0.000000000000 -0.000000000000 -0.649971154540 0.000000000000 0.759950634295 0.000000000000
-0.000000000000 -0.000000000000 -0.000000000000 0.001198364749 0.000000000000 0.000000000000 0.759952093031 0.000000000000 0.649977984411 0.000000000000
0.000018406803 0.000000000000 -0.001237021499 -0.000000000000 0.002140095778 0.706702967509 -0.000000000000 -0.337188116479 -0.000000000000 0.621987925323
-0.000103516121 0.000000000000 -0.003132763237 -0.000000000000 -0.002492316709 0.354280829461 -0.000000000000 0.929613948169 -0.000000000000 0.101424674920

