Number of strings: 126 126, CI size = 15876
String addressing array alpha: 5 9
0 35 50 55 56 56 56 56 56
0 0 20 30 34 35 35 35 35
0 0 0 10 16 19 20 20 20
0 0 0 0 4 7 9 10 10
0 0 0 0 0 1 2 3 4

Alpha strings 126 5
1 2 3 4 5
1 2 3 4 6
1 2 3 4 7
1 2 3 4 8
1 2 3 4 9
1 2 3 5 6
1 2 3 5 7
1 2 3 5 8
1 2 3 5 9
1 2 3 6 7
1 2 3 6 8
1 2 3 6 9
1 2 3 7 8
1 2 3 7 9
1 2 3 8 9
1 2 4 5 6
1 2 4 5 7
1 2 4 5 8
1 2 4 5 9
1 2 4 6 7
1 2 4 6 8
1 2 4 6 9
1 2 4 7 8
1 2 4 7 9
1 2 4 8 9
1 2 5 6 7
1 2 5 6 8
1 2 5 6 9
1 2 5 7 8
1 2 5 7 9
1 2 5 8 9
1 2 6 7 8
1 2 6 7 9
1 2 6 8 9
1 2 7 8 9
1 3 4 5 6
1 3 4 5 7
1 3 4 5 8
1 3 4 5 9
1 3 4 6 7
1 3 4 6 8
1 3 4 6 9
1 3 4 7 8
1 3 4 7 9
1 3 4 8 9
1 3 5 6 7
1 3 5 6 8
1 3 5 6 9
1 3 5 7 8
1 3 5 7 9
1 3 5 8 9
1 3 6 7 8
1 3 6 7 9
1 3 6 8 9
1 3 7 8 9
1 4 5 6 7
1 4 5 6 8
1 4 5 6 9
1 4 5 7 8
1 4 5 7 9
1 4 5 8 9
1 4 6 7 8
1 4 6 7 9
1 4 6 8 9
1 4 7 8 9
1 5 6 7 8
1 5 6 7 9
1 5 6 8 9
1 5 7 8 9
1 6 7 8 9
2 3 4 5 6
2 3 4 5 7
2 3 4 5 8
2 3 4 5 9
2 3 4 6 7
2 3 4 6 8
2 3 4 6 9
2 3 4 7 8
2 3 4 7 9
2 3 4 8 9
2 3 5 6 7
2 3 5 6 8
2 3 5 6 9
2 3 5 7 8
2 3 5 7 9
2 3 5 8 9
2 3 6 7 8
2 3 6 7 9
2 3 6 8 9
2 3 7 8 9
2 4 5 6 7
2 4 5 6 8
2 4 5 6 9
2 4 5 7 8
2 4 5 7 9
2 4 5 8 9
2 4 6 7 8
2 4 6 7 9
2 4 6 8 9
2 4 7 8 9
2 5 6 7 8
2 5 6 7 9
2 5 6 8 9
2 5 7 8 9
2 6 7 8 9
3 4 5 6 7
3 4 5 6 8
3 4 5 6 9
3 4 5 7 8
3 4 5 7 9
3 4 5 8 9
3 4 6 7 8
3 4 6 7 9
3 4 6 8 9
3 4 7 8 9
3 5 6 7 8
3 5 6 7 9
3 5 6 8 9
3 5 7 8 9
3 6 7 8 9
4 5 6 7 8
4 5 6 7 9
4 5 6 8 9
4 5 7 8 9
4 6 7 8 9
5 6 7 8 9

Is hamiltonian hermitian? 1
Implicit Hamiltonian constructed
E(core)= 9.189534427600
H(1,1) + E(core) energy = -76.340877960100
Davidson: iter=0 dim=0 root=0 eigenvalue=-85.530412387700
Davidson: iter=1 dim=1 root=0 eigenvalue=-85.543738012332
Davidson: iter=2 dim=2 root=0 eigenvalue=-85.544129819569
Davidson: iter=3 dim=3 root=0 eigenvalue=-85.544138250021
Davidson: iter=4 dim=4 root=0 eigenvalue=-85.544138566611
Davidson: iter=5 dim=5 root=0 eigenvalue=-85.544138578389
Davidson: iter=6 dim=6 root=0 eigenvalue=-85.544138578796
Davidson: iter=7 dim=7 root=0 eigenvalue=-85.544138578810
Davidson: iter=8 dim=8 root=0 eigenvalue=-85.544138578810
root no. 0 converged
Davidson converged in 8 iterations.
E(core)= 9.189534427600
E(0)= -76.354604151210
FCI Excitation energies = 1
0.000000000000

Vacuum coefficients in CI state 0 = -0.996451843286
Eigenvector 0 in string basis
0: -0.996451843286 seniority 0 ... 5
1 2 3 4 5
 | 5
1 2 3 4 5

Seniority vectors for all roots (nroots/seniority)
1 6
0.995890218792 0.001510445437 -0.994137815476 0.080747725391 1.000000000000 0.000000000000

Calculating transition densities
Root 0 MO occupations numbers (density matrix diagonal)
9
1.999999375377 1.998057824991 1.992578398785 1.995772062226 1.999427445242 0.002843375024 0.002433202947 0.004610596310 0.004277719098
Transition densities done:
Trandens between roots 0 0
9 9
1.999999375377 0.000008269902 0.000000000000 0.000004853072 0.000000000000 0.000248586715 0.000000000000 0.000000000000 0.000235293299
0.000008269902 1.998057824991 0.000000000000 0.001977561726 0.000000000000 0.001751687166 0.000000000000 0.000000000000 0.001120639971
0.000000000000 0.000000000000 1.992578398785 0.000000000000 0.000000000000 0.000000000000 -0.000618486753 -0.002842405325 0.000000000000
0.000004853072 0.001977561726 0.000000000000 1.995772062226 0.000000000000 -0.007313894890 0.000000000000 0.000000000000 -0.001928021893
0.000000000000 0.000000000000 0.000000000000 0.000000000000 1.999427445242 0.000000000000 0.000000000000 0.000000000000 0.000000000000
0.000248586715 0.001751687166 0.000000000000 -0.007313894890 0.000000000000 0.002843375024 0.000000000000 0.000000000000 0.003003528327
0.000000000000 0.000000000000 -0.000618486753 0.000000000000 0.000000000000 0.000000000000 0.002433202947 0.002812328829 0.000000000000
0.000000000000 0.000000000000 -0.002842405325 0.000000000000 0.000000000000 0.000000000000 0.002812328829 0.004610596310 0.000000000000
0.000235293299 0.001120639971 0.000000000000 -0.001928021893 0.000000000000 0.003003528327 0.000000000000 0.000000000000 0.004277719098

State 0 :
Natural orbital occupations
9
1.999999543216 1.999427445242 1.999201198020 1.994659494757 1.992582657578 0.006628166266 0.006533945904 0.000505594560 0.000461954457
Natural orbitals (in MO basis)
9 9
-0.999931797997 -0.000000000000 -0.011675897330 -0.000208070889 0.000000000000 -0.000169861300 0.000000000000 -0.000000000000 -0.000025077927
-0.010207058650 0.000000000001 0.865221408294 0.501284982257 0.000000000000 -0.000988897223 -0.000000000000 0.000000000000 -0.000345296121
-0.000000000000 0.000000000000 0.000000000000 0.000000000000 -0.999998928282 0.000000000000 -0.001356513953 0.000550730286 0.000000000000
-0.005673498276 0.000000000000 0.501252854865 -0.865273917849 -0.000000000000 0.003034528185 0.000000000000 -0.000000000000 0.002285964805
0.000000000000 -1.000000000000 0.000000000001 0.000000000000 -0.000000000000 -0.000000000000 0.000000000000 -0.000000000000 -0.000000000000
-0.000112815071 -0.000000000000 -0.001078674443 0.003619785306 0.000000000000 0.617726443425 0.000000000000 -0.000000000001 0.786383978717
-0.000000000000 -0.000000000000 -0.000000000000 -0.000000000000 0.000312794801 0.000000000000 -0.565442135669 -0.824787908113 -0.000000000001
0.000000000000 -0.000000000000 -0.000000000000 -0.000000000000 0.001430242415 0.000000000000 -0.824786851908 0.565441953985 0.000000000001
-0.000118311030 -0.000000000000 -0.000001409515 0.001125839395 0.000000000000 0.786386562679 0.000000000000 0.000000000001 -0.617733674430

