Number of strings: 126 126, CI size = 15876
String addressing array alpha: 5 9
0 35 50 55 56 56 56 56 56
0 0 20 30 34 35 35 35 35
0 0 0 10 16 19 20 20 20
0 0 0 0 4 7 9 10 10
0 0 0 0 0 1 2 3 4

Alpha strings 126 5
1 2 3 4 5
1 2 3 4 6
1 2 3 4 7
1 2 3 4 8
1 2 3 4 9
1 2 3 5 6
1 2 3 5 7
1 2 3 5 8
1 2 3 5 9
1 2 3 6 7
1 2 3 6 8
1 2 3 6 9
1 2 3 7 8
1 2 3 7 9
1 2 3 8 9
1 2 4 5 6
1 2 4 5 7
1 2 4 5 8
1 2 4 5 9
1 2 4 6 7
1 2 4 6 8
1 2 4 6 9
1 2 4 7 8
1 2 4 7 9
1 2 4 8 9
1 2 5 6 7
1 2 5 6 8
1 2 5 6 9
1 2 5 7 8
1 2 5 7 9
1 2 5 8 9
1 2 6 7 8
1 2 6 7 9
1 2 6 8 9
1 2 7 8 9
1 3 4 5 6
1 3 4 5 7
1 3 4 5 8
1 3 4 5 9
1 3 4 6 7
1 3 4 6 8
1 3 4 6 9
1 3 4 7 8
1 3 4 7 9
1 3 4 8 9
1 3 5 6 7
1 3 5 6 8
1 3 5 6 9
1 3 5 7 8
1 3 5 7 9
1 3 5 8 9
1 3 6 7 8
1 3 6 7 9
1 3 6 8 9
1 3 7 8 9
1 4 5 6 7
1 4 5 6 8
1 4 5 6 9
1 4 5 7 8
1 4 5 7 9
1 4 5 8 9
1 4 6 7 8
1 4 6 7 9
1 4 6 8 9
1 4 7 8 9
1 5 6 7 8
1 5 6 7 9
1 5 6 8 9
1 5 7 8 9
1 6 7 8 9
2 3 4 5 6
2 3 4 5 7
2 3 4 5 8
2 3 4 5 9
2 3 4 6 7
2 3 4 6 8
2 3 4 6 9
2 3 4 7 8
2 3 4 7 9
2 3 4 8 9
2 3 5 6 7
2 3 5 6 8
2 3 5 6 9
2 3 5 7 8
2 3 5 7 9
2 3 5 8 9
2 3 6 7 8
2 3 6 7 9
2 3 6 8 9
2 3 7 8 9
2 4 5 6 7
2 4 5 6 8
2 4 5 6 9
2 4 5 7 8
2 4 5 7 9
2 4 5 8 9
2 4 6 7 8
2 4 6 7 9
2 4 6 8 9
2 4 7 8 9
2 5 6 7 8
2 5 6 7 9
2 5 6 8 9
2 5 7 8 9
2 6 7 8 9
3 4 5 6 7
3 4 5 6 8
3 4 5 6 9
3 4 5 7 8
3 4 5 7 9
3 4 5 8 9
3 4 6 7 8
3 4 6 7 9
3 4 6 8 9
3 4 7 8 9
3 5 6 7 8
3 5 6 7 9
3 5 6 8 9
3 5 7 8 9
3 6 7 8 9
4 5 6 7 8
4 5 6 7 9
4 5 6 8 9
4 5 7 8 9
4 6 7 8 9
5 6 7 8 9

Is hamiltonian hermitian? 1
Implicit Hamiltonian constructed
E(core)= 9.189534427600
H(1,1) + E(core) energy = -76.312671492700
Davidson: iter=0 dim=0 root=0 eigenvalue=-85.502205920300
Davidson: iter=1 dim=1 root=0 eigenvalue=-85.515684884401
Davidson: iter=2 dim=2 root=0 eigenvalue=-85.516075768280
Davidson: iter=3 dim=3 root=0 eigenvalue=-85.516084218838
Davidson: iter=4 dim=4 root=0 eigenvalue=-85.516084539820
Davidson: iter=5 dim=5 root=0 eigenvalue=-85.516084551961
Davidson: iter=6 dim=6 root=0 eigenvalue=-85.516084552382
Davidson: iter=7 dim=7 root=0 eigenvalue=-85.516084552397
Davidson: iter=8 dim=8 root=0 eigenvalue=-85.516084552397
root no. 0 converged
Davidson converged in 8 iterations.
E(core)= 9.189534427600
E(0)= -76.326550124797
FCI Excitation energies = 1
0.000000000000

Vacuum coefficients in CI state 0 = -0.996402203989
Eigenvector 0 in string basis
0: -0.996402203989 seniority 0 ... 5
1 2 3 4 5
 | 5
1 2 3 4 5

Seniority vectors for all roots (nroots/seniority)
1 6
0.995834945184 0.001537165179 -0.994071861581 0.081207308738 1.000000000000 0.000000000000

Calculating transition densities
Root 0 MO occupations numbers (density matrix diagonal)
9
1.999999354055 1.998070670329 1.992484008561 1.995680363790 1.999417692102 0.002879760149 0.002424339384 0.004687287498 0.004356524133
Transition densities done:
Trandens between roots 0 0
9 9
1.999999354055 0.000008703887 0.000000000000 0.000004785101 0.000000000000 0.000269726327 0.000000000000 0.000000000000 0.000250057070
0.000008703887 1.998070670329 0.000000000000 0.001990599394 0.000000000000 0.002604495657 0.000000000000 0.000000000000 0.001135438696
0.000000000000 0.000000000000 1.992484008561 0.000000000000 0.000000000000 0.000000000000 -0.002255228736 -0.002110578090 0.000000000000
0.000004785101 0.001990599394 0.000000000000 1.995680363790 0.000000000000 -0.008761484053 0.000000000000 0.000000000000 -0.000914999959
0.000000000000 0.000000000000 0.000000000000 0.000000000000 1.999417692102 0.000000000000 0.000000000000 0.000000000000 0.000000000000
0.000269726327 0.002604495657 0.000000000000 -0.008761484053 0.000000000000 0.002879760149 0.000000000000 0.000000000000 0.003040338002
0.000000000000 0.000000000000 -0.002255228736 0.000000000000 0.000000000000 0.000000000000 0.002424339384 0.002832412182 0.000000000000
0.000000000000 0.000000000000 -0.002110578090 0.000000000000 0.000000000000 0.000000000000 0.002832412182 0.004687287498 0.000000000000
0.000250057070 0.001135438696 0.000000000000 -0.000914999959 0.000000000000 0.003040338002 0.000000000000 0.000000000000 0.004356524133

State 0 :
Natural orbital occupations
9
1.999999540433 1.999417692102 1.999199488241 1.994594454742 1.992488812049 0.006724783680 0.006601292606 0.000505530788 0.000468405359
Natural orbitals (in MO basis)
9 9
0.999926141662 0.000000000000 0.012148994902 -0.000281248648 0.000000000000 -0.000182157273 0.000000000000 0.000000000000 -0.000029369923
0.010700240616 -0.000000000000 -0.869265188956 0.494228177358 -0.000000000000 -0.001257374486 -0.000000000000 0.000000000000 -0.000681053887
-0.000000000000 0.000000000000 -0.000000000000 -0.000000000000 0.999998790774 0.000000000000 -0.001516747259 -0.000343406000 -0.000000000000
0.005760563549 -0.000000000000 -0.494195598416 -0.869320402495 -0.000000000000 0.003074698353 0.000000000000 -0.000000000000 0.003179693402
-0.000000000000 1.000000000000 -0.000000000000 -0.000000000000 -0.000000000000 0.000000000000 -0.000000000000 0.000000000000 0.000000000000
0.000123926485 0.000000000000 0.001036086880 0.004471408067 0.000000000000 0.615388457849 0.000000000000 -0.000000000003 0.788210608671
-0.000000000000 0.000000000000 0.000000000000 -0.000000000000 -0.001134756171 0.000000000000 -0.560675218944 -0.828035030171 -0.000000000003
0.000000000000 -0.000000000000 -0.000000000000 -0.000000000000 -0.001063380629 0.000000000000 -0.828034418572 0.560676262099 0.000000000002
0.000128927834 0.000000000000 -0.000264993482 0.000688419295 0.000000000000 0.788216961251 0.000000000000 0.000000000003 -0.615396994818

