Number of strings: 252 252, CI size = 63504
String addressing array alpha: 5 10
0 70 105 120 125 126 126 126 126 126
0 0 35 55 65 69 70 70 70 70
0 0 0 15 25 31 34 35 35 35
0 0 0 0 5 9 12 14 15 15
0 0 0 0 0 1 2 3 4 5

Alpha strings 252 5
1 2 3 4 5
1 2 3 4 6
1 2 3 4 7
1 2 3 4 8
1 2 3 4 9
1 2 3 4 10
1 2 3 5 6
1 2 3 5 7
1 2 3 5 8
1 2 3 5 9
1 2 3 5 10
1 2 3 6 7
1 2 3 6 8
1 2 3 6 9
1 2 3 6 10
1 2 3 7 8
1 2 3 7 9
1 2 3 7 10
1 2 3 8 9
1 2 3 8 10
1 2 3 9 10
1 2 4 5 6
1 2 4 5 7
1 2 4 5 8
1 2 4 5 9
1 2 4 5 10
1 2 4 6 7
1 2 4 6 8
1 2 4 6 9
1 2 4 6 10
1 2 4 7 8
1 2 4 7 9
1 2 4 7 10
1 2 4 8 9
1 2 4 8 10
1 2 4 9 10
1 2 5 6 7
1 2 5 6 8
1 2 5 6 9
1 2 5 6 10
1 2 5 7 8
1 2 5 7 9
1 2 5 7 10
1 2 5 8 9
1 2 5 8 10
1 2 5 9 10
1 2 6 7 8
1 2 6 7 9
1 2 6 7 10
1 2 6 8 9
1 2 6 8 10
1 2 6 9 10
1 2 7 8 9
1 2 7 8 10
1 2 7 9 10
1 2 8 9 10
1 3 4 5 6
1 3 4 5 7
1 3 4 5 8
1 3 4 5 9
1 3 4 5 10
1 3 4 6 7
1 3 4 6 8
1 3 4 6 9
1 3 4 6 10
1 3 4 7 8
1 3 4 7 9
1 3 4 7 10
1 3 4 8 9
1 3 4 8 10
1 3 4 9 10
1 3 5 6 7
1 3 5 6 8
1 3 5 6 9
1 3 5 6 10
1 3 5 7 8
1 3 5 7 9
1 3 5 7 10
1 3 5 8 9
1 3 5 8 10
1 3 5 9 10
1 3 6 7 8
1 3 6 7 9
1 3 6 7 10
1 3 6 8 9
1 3 6 8 10
1 3 6 9 10
1 3 7 8 9
1 3 7 8 10
1 3 7 9 10
1 3 8 9 10
1 4 5 6 7
1 4 5 6 8
1 4 5 6 9
1 4 5 6 10
1 4 5 7 8
1 4 5 7 9
1 4 5 7 10
1 4 5 8 9
1 4 5 8 10
1 4 5 9 10
1 4 6 7 8
1 4 6 7 9
1 4 6 7 10
1 4 6 8 9
1 4 6 8 10
1 4 6 9 10
1 4 7 8 9
1 4 7 8 10
1 4 7 9 10
1 4 8 9 10
1 5 6 7 8
1 5 6 7 9
1 5 6 7 10
1 5 6 8 9
1 5 6 8 10
1 5 6 9 10
1 5 7 8 9
1 5 7 8 10
1 5 7 9 10
1 5 8 9 10
1 6 7 8 9
1 6 7 8 10
1 6 7 9 10
1 6 8 9 10
1 7 8 9 10
2 3 4 5 6
2 3 4 5 7
2 3 4 5 8
2 3 4 5 9
2 3 4 5 10
2 3 4 6 7
2 3 4 6 8
2 3 4 6 9
2 3 4 6 10
2 3 4 7 8
2 3 4 7 9
2 3 4 7 10
2 3 4 8 9
2 3 4 8 10
2 3 4 9 10
2 3 5 6 7
2 3 5 6 8
2 3 5 6 9
2 3 5 6 10
2 3 5 7 8
2 3 5 7 9
2 3 5 7 10
2 3 5 8 9
2 3 5 8 10
2 3 5 9 10
2 3 6 7 8
2 3 6 7 9
2 3 6 7 10
2 3 6 8 9
2 3 6 8 10
2 3 6 9 10
2 3 7 8 9
2 3 7 8 10
2 3 7 9 10
2 3 8 9 10
2 4 5 6 7
2 4 5 6 8
2 4 5 6 9
2 4 5 6 10
2 4 5 7 8
2 4 5 7 9
2 4 5 7 10
2 4 5 8 9
2 4 5 8 10
2 4 5 9 10
2 4 6 7 8
2 4 6 7 9
2 4 6 7 10
2 4 6 8 9
2 4 6 8 10
2 4 6 9 10
2 4 7 8 9
2 4 7 8 10
2 4 7 9 10
2 4 8 9 10
2 5 6 7 8
2 5 6 7 9
2 5 6 7 10
2 5 6 8 9
2 5 6 8 10
2 5 6 9 10
2 5 7 8 9
2 5 7 8 10
2 5 7 9 10
2 5 8 9 10
2 6 7 8 9
2 6 7 8 10
2 6 7 9 10
2 6 8 9 10
2 7 8 9 10
3 4 5 6 7
3 4 5 6 8
3 4 5 6 9
3 4 5 6 10
3 4 5 7 8
3 4 5 7 9
3 4 5 7 10
3 4 5 8 9
3 4 5 8 10
3 4 5 9 10
3 4 6 7 8
3 4 6 7 9
3 4 6 7 10
3 4 6 8 9
3 4 6 8 10
3 4 6 9 10
3 4 7 8 9
3 4 7 8 10
3 4 7 9 10
3 4 8 9 10
3 5 6 7 8
3 5 6 7 9
3 5 6 7 10
3 5 6 8 9
3 5 6 8 10
3 5 6 9 10
3 5 7 8 9
3 5 7 8 10
3 5 7 9 10
3 5 8 9 10
3 6 7 8 9
3 6 7 8 10
3 6 7 9 10
3 6 8 9 10
3 7 8 9 10
4 5 6 7 8
4 5 6 7 9
4 5 6 7 10
4 5 6 8 9
4 5 6 8 10
4 5 6 9 10
4 5 7 8 9
4 5 7 8 10
4 5 7 9 10
4 5 8 9 10
4 6 7 8 9
4 6 7 8 10
4 6 7 9 10
4 6 8 9 10
4 7 8 9 10
5 6 7 8 9
5 6 7 8 10
5 6 7 9 10
5 6 8 9 10
5 7 8 9 10
6 7 8 9 10

Is hamiltonian hermitian? 1
Implicit Hamiltonian constructed
E(core)= 9.189534427600
H(1,1) + E(core) energy = -76.377395282400
Davidson: iter=0 dim=0 root=0 eigenvalue=-85.566929710000
Davidson: iter=1 dim=1 root=0 eigenvalue=-85.579270459009
Davidson: iter=2 dim=2 root=0 eigenvalue=-85.579812519400
Davidson: iter=3 dim=3 root=0 eigenvalue=-85.579825386839
Davidson: iter=4 dim=4 root=0 eigenvalue=-85.579825882973
Davidson: iter=5 dim=5 root=0 eigenvalue=-85.579825901102
Davidson: iter=6 dim=6 root=0 eigenvalue=-85.579825901865
Davidson: iter=7 dim=7 root=0 eigenvalue=-85.579825901898
Davidson: iter=8 dim=8 root=0 eigenvalue=-85.579825901899
root no. 0 converged
Davidson converged in 8 iterations.
E(core)= 9.189534427600
E(0)= -76.390291474300
FCI Excitation energies = 1
0.000000000000

Vacuum coefficients in CI state 0 = -0.996646743235
Eigenvector 0 in string basis
0: -0.996646743235 seniority 0 ... 5
1 2 3 4 5
 | 5
1 2 3 4 5

Seniority vectors for all roots (nroots/seniority)
1 6
0.995563644097 0.001667617440 -0.994232031275 0.077502289506 1.000000000029 0.000000000000

Calculating transition densities
Root 0 MO occupations numbers (density matrix diagonal)
10
1.999999096336 1.998068790014 1.994668618883 1.994309586024 1.999553522947 0.002354478346 0.001969309114 0.002716839604 0.001816667831 0.004543090902
Transition densities done:
Trandens between roots 0 0
10 10
1.999999096336 0.000008313705 0.000000000000 0.000003693015 0.000000000000 0.000228813190 0.000000000000 0.000000000000 0.000189908514 -0.000154519017
0.000008313705 1.998068790014 0.000000000000 -0.001915199049 0.000000000000 0.000629131250 0.000000000000 0.000000000000 0.006188447973 0.003020880426
0.000000000000 0.000000000000 1.994668618883 0.000000000000 0.000000000000 0.000000000000 -0.001588675610 -0.001763955674 0.000000000000 0.000000000000
0.000003693015 -0.001915199049 0.000000000000 1.994309586024 0.000000000000 0.004538676269 0.000000000000 0.000000000000 -0.004385930965 -0.001588270721
0.000000000000 0.000000000000 0.000000000000 0.000000000000 1.999553522947 0.000000000000 0.000000000000 0.000000000000 0.000000000000 0.000000000000
0.000228813190 0.000629131250 0.000000000000 0.004538676269 0.000000000000 0.002354478346 0.000000000000 0.000000000000 -0.000375661374 -0.003021588325
0.000000000000 0.000000000000 -0.001588675610 0.000000000000 0.000000000000 0.000000000000 0.001969309114 -0.001828579262 0.000000000000 0.000000000000
0.000000000000 0.000000000000 -0.001763955674 0.000000000000 0.000000000000 0.000000000000 -0.001828579262 0.002716839604 0.000000000000 0.000000000000
0.000189908514 0.006188447973 0.000000000000 -0.004385930965 0.000000000000 -0.000375661374 0.000000000000 0.000000000000 0.001816667831 0.000712269023
-0.000154519017 0.003020880426 0.000000000000 -0.001588270721 0.000000000000 -0.003021588325 0.000000000000 0.000000000000 0.000712269023 0.004543090902

State 0 :
Natural orbital occupations
10
1.999999199188 1.999553522947 1.998906565978 1.994671444923 1.993516979098 0.006775674852 0.004209396182 0.001671472420 0.000473926495 0.000221817917
Natural orbitals (in MO basis)
10 10
-0.999981545437 0.000000000001 0.005975902315 -0.000000000000 -0.001081293141 0.000112882635 -0.000000000000 0.000117041479 0.000000000000 0.000041716353
-0.005926173880 -0.000000000000 -0.921382165671 -0.000000000000 0.388597209116 -0.001531286454 -0.000000000000 0.002966229619 -0.000000000000 0.000922473329
-0.000000000000 -0.000000000000 0.000000000000 0.999999291403 0.000000000000 0.000000000000 0.000181682933 0.000000000000 0.001176513877 -0.000000000000
0.001326007016 0.000000000000 0.388589971777 -0.000000000000 0.921404036558 0.002278803718 0.000000000000 -0.001766003899 0.000000000000 0.001537932831
0.000000000001 1.000000000000 -0.000000000000 0.000000000000 0.000000000000 0.000000000000 -0.000000000000 -0.000000000000 -0.000000000000 -0.000000000000
-0.000113473325 0.000000000000 0.000596996475 -0.000000000000 0.002223296904 -0.564919692471 0.000000000000 -0.145071629552 -0.000000000000 -0.812289758047
0.000000000000 0.000000000000 -0.000000000000 -0.000796434406 0.000000000000 -0.000000000000 -0.632440676725 0.000000000000 0.774608388876 -0.000000000000
-0.000000000000 -0.000000000000 0.000000000000 -0.000884808357 0.000000000000 0.000000000000 0.774608777006 0.000000000000 0.632440083880 -0.000000000000
-0.000116257583 -0.000000000000 -0.003708676403 0.000000000000 -0.000822185782 0.155271438805 0.000000000000 -0.985520046591 0.000000000000 0.068018925845
0.000067537395 -0.000000000000 -0.001707783115 0.000000000000 -0.000149157200 0.810400500261 -0.000000000000 0.087707064028 -0.000000000000 -0.579271574276

