Number of strings: 126 126, CI size = 15876
String addressing array alpha: 5 9
0 35 50 55 56 56 56 56 56
0 0 20 30 34 35 35 35 35
0 0 0 10 16 19 20 20 20
0 0 0 0 4 7 9 10 10
0 0 0 0 0 1 2 3 4

Alpha strings 126 5
1 2 3 4 5
1 2 3 4 6
1 2 3 4 7
1 2 3 4 8
1 2 3 4 9
1 2 3 5 6
1 2 3 5 7
1 2 3 5 8
1 2 3 5 9
1 2 3 6 7
1 2 3 6 8
1 2 3 6 9
1 2 3 7 8
1 2 3 7 9
1 2 3 8 9
1 2 4 5 6
1 2 4 5 7
1 2 4 5 8
1 2 4 5 9
1 2 4 6 7
1 2 4 6 8
1 2 4 6 9
1 2 4 7 8
1 2 4 7 9
1 2 4 8 9
1 2 5 6 7
1 2 5 6 8
1 2 5 6 9
1 2 5 7 8
1 2 5 7 9
1 2 5 8 9
1 2 6 7 8
1 2 6 7 9
1 2 6 8 9
1 2 7 8 9
1 3 4 5 6
1 3 4 5 7
1 3 4 5 8
1 3 4 5 9
1 3 4 6 7
1 3 4 6 8
1 3 4 6 9
1 3 4 7 8
1 3 4 7 9
1 3 4 8 9
1 3 5 6 7
1 3 5 6 8
1 3 5 6 9
1 3 5 7 8
1 3 5 7 9
1 3 5 8 9
1 3 6 7 8
1 3 6 7 9
1 3 6 8 9
1 3 7 8 9
1 4 5 6 7
1 4 5 6 8
1 4 5 6 9
1 4 5 7 8
1 4 5 7 9
1 4 5 8 9
1 4 6 7 8
1 4 6 7 9
1 4 6 8 9
1 4 7 8 9
1 5 6 7 8
1 5 6 7 9
1 5 6 8 9
1 5 7 8 9
1 6 7 8 9
2 3 4 5 6
2 3 4 5 7
2 3 4 5 8
2 3 4 5 9
2 3 4 6 7
2 3 4 6 8
2 3 4 6 9
2 3 4 7 8
2 3 4 7 9
2 3 4 8 9
2 3 5 6 7
2 3 5 6 8
2 3 5 6 9
2 3 5 7 8
2 3 5 7 9
2 3 5 8 9
2 3 6 7 8
2 3 6 7 9
2 3 6 8 9
2 3 7 8 9
2 4 5 6 7
2 4 5 6 8
2 4 5 6 9
2 4 5 7 8
2 4 5 7 9
2 4 5 8 9
2 4 6 7 8
2 4 6 7 9
2 4 6 8 9
2 4 7 8 9
2 5 6 7 8
2 5 6 7 9
2 5 6 8 9
2 5 7 8 9
2 6 7 8 9
3 4 5 6 7
3 4 5 6 8
3 4 5 6 9
3 4 5 7 8
3 4 5 7 9
3 4 5 8 9
3 4 6 7 8
3 4 6 7 9
3 4 6 8 9
3 4 7 8 9
3 5 6 7 8
3 5 6 7 9
3 5 6 8 9
3 5 7 8 9
3 6 7 8 9
4 5 6 7 8
4 5 6 7 9
4 5 6 8 9
4 5 7 8 9
4 6 7 8 9
5 6 7 8 9

Is hamiltonian hermitian? 1
Implicit Hamiltonian constructed
E(core)= 9.189534427600
H(1,1) + E(core) energy = -76.385224097500
Davidson: iter=0 dim=0 root=0 eigenvalue=-85.574758525100
Davidson: iter=1 dim=1 root=0 eigenvalue=-85.580563323853
Davidson: iter=2 dim=2 root=0 eigenvalue=-85.580767200696
Davidson: iter=3 dim=3 root=0 eigenvalue=-85.580771413564
Davidson: iter=4 dim=4 root=0 eigenvalue=-85.580771500676
Davidson: iter=5 dim=5 root=0 eigenvalue=-85.580771502413
Davidson: iter=6 dim=6 root=0 eigenvalue=-85.580771502448
Davidson: iter=7 dim=7 root=0 eigenvalue=-85.580771502449
root no. 0 converged
Davidson converged in 7 iterations.
E(core)= 9.189534427600
E(0)= -76.391237074849
FCI Excitation energies = 1
0.000000000000

Vacuum coefficients in CI state 0 = -0.998415233272
Eigenvector 0 in string basis
0: -0.998415233272 seniority 0 ... 5
1 2 3 4 5
 | 5
1 2 3 4 5

Seniority vectors for all roots (nroots/seniority)
1 6
0.998276907635 0.000519799889 -0.997362329877 0.053596067025 1.000000000000 0.000000000000

Calculating transition densities
Root 0 MO occupations numbers (density matrix diagonal)
9
1.999999648028 1.999294820860 1.997196855094 1.997406067796 1.999791349873 0.001471090664 0.001446317881 0.002011551102 0.001382298702
Transition densities done:
Trandens between roots 0 0
9 9
1.999999648028 0.000001348398 0.000000000000 -0.000004756619 0.000000000000 0.000229615616 0.000000000000 0.000000000000 0.000192704583
0.000001348398 1.999294820860 0.000000000000 -0.000334214504 0.000000000000 0.000796223634 0.000000000000 0.000000000000 0.006235080553
0.000000000000 0.000000000000 1.997196855094 0.000000000000 0.000000000000 0.000000000000 -0.001166838688 -0.002013574648 0.000000000000
-0.000004756619 -0.000334214504 0.000000000000 1.997406067796 0.000000000000 0.004914706731 0.000000000000 0.000000000000 -0.004578859252
0.000000000000 0.000000000000 0.000000000000 0.000000000000 1.999791349873 0.000000000000 0.000000000000 0.000000000000 0.000000000000
0.000229615616 0.000796223634 0.000000000000 0.004914706731 0.000000000000 0.001471090664 0.000000000000 0.000000000000 -0.000344138143
0.000000000000 0.000000000000 -0.001166838688 0.000000000000 0.000000000000 0.000000000000 0.001446317881 -0.001388217981 0.000000000000
0.000000000000 0.000000000000 -0.002013574648 0.000000000000 0.000000000000 0.000000000000 -0.001388217981 0.002011551102 0.000000000000
0.000192704583 0.006235080553 0.000000000000 -0.004578859252 0.000000000000 -0.000344138143 0.000000000000 0.000000000000 0.001382298702

State 0 :
Natural orbital occupations
9
1.999999712460 1.999791349873 1.999376245179 1.997367003679 1.997199567793 0.003145290407 0.001745039033 0.001065925698 0.000309865878
Natural orbitals (in MO basis)
9 9
-0.999988475394 0.000000000002 0.004525130181 0.001596805547 0.000000000000 0.000000000000 0.000024765044 0.000147903282 -0.000000000000
-0.004175050558 0.000000000000 -0.984521411027 0.175186373038 -0.000000000000 -0.000000000000 -0.001723318150 0.002631550571 -0.000000000000
-0.000000000000 0.000000000000 0.000000000000 -0.000000000000 -0.999999320649 0.000411463520 0.000000000000 0.000000000000 0.001090596212
0.002364864763 -0.000000000000 0.175171483026 0.984529345434 -0.000000000000 -0.000000000000 0.003362425087 -0.000145001009 0.000000000000
0.000000000002 1.000000000000 0.000000000000 -0.000000000000 0.000000000000 0.000000000000 -0.000000000000 -0.000000000000 0.000000000000
-0.000110719007 0.000000000000 0.000039667356 0.002494677286 -0.000000000000 -0.000000000000 -0.760443217193 -0.649399627486 0.000000000000
-0.000000000000 -0.000000000000 -0.000000000000 0.000000000000 0.000583958688 -0.632901829330 0.000000000000 0.000000000000 0.774231834416
-0.000000000000 -0.000000000000 -0.000000000000 0.000000000000 0.001008808494 0.774231945304 -0.000000000000 0.000000000000 0.632901159089
-0.000114841599 0.000000000000 -0.003473382649 -0.001711571711 0.000000000000 0.000000000000 0.649393437821 -0.760442736741 0.000000000000

