Number of strings: 252 252, CI size = 63504
String addressing array alpha: 5 10
0 70 105 120 125 126 126 126 126 126
0 0 35 55 65 69 70 70 70 70
0 0 0 15 25 31 34 35 35 35
0 0 0 0 5 9 12 14 15 15
0 0 0 0 0 1 2 3 4 5

Alpha strings 252 5
1 2 3 4 5
1 2 3 4 6
1 2 3 4 7
1 2 3 4 8
1 2 3 4 9
1 2 3 4 10
1 2 3 5 6
1 2 3 5 7
1 2 3 5 8
1 2 3 5 9
1 2 3 5 10
1 2 3 6 7
1 2 3 6 8
1 2 3 6 9
1 2 3 6 10
1 2 3 7 8
1 2 3 7 9
1 2 3 7 10
1 2 3 8 9
1 2 3 8 10
1 2 3 9 10
1 2 4 5 6
1 2 4 5 7
1 2 4 5 8
1 2 4 5 9
1 2 4 5 10
1 2 4 6 7
1 2 4 6 8
1 2 4 6 9
1 2 4 6 10
1 2 4 7 8
1 2 4 7 9
1 2 4 7 10
1 2 4 8 9
1 2 4 8 10
1 2 4 9 10
1 2 5 6 7
1 2 5 6 8
1 2 5 6 9
1 2 5 6 10
1 2 5 7 8
1 2 5 7 9
1 2 5 7 10
1 2 5 8 9
1 2 5 8 10
1 2 5 9 10
1 2 6 7 8
1 2 6 7 9
1 2 6 7 10
1 2 6 8 9
1 2 6 8 10
1 2 6 9 10
1 2 7 8 9
1 2 7 8 10
1 2 7 9 10
1 2 8 9 10
1 3 4 5 6
1 3 4 5 7
1 3 4 5 8
1 3 4 5 9
1 3 4 5 10
1 3 4 6 7
1 3 4 6 8
1 3 4 6 9
1 3 4 6 10
1 3 4 7 8
1 3 4 7 9
1 3 4 7 10
1 3 4 8 9
1 3 4 8 10
1 3 4 9 10
1 3 5 6 7
1 3 5 6 8
1 3 5 6 9
1 3 5 6 10
1 3 5 7 8
1 3 5 7 9
1 3 5 7 10
1 3 5 8 9
1 3 5 8 10
1 3 5 9 10
1 3 6 7 8
1 3 6 7 9
1 3 6 7 10
1 3 6 8 9
1 3 6 8 10
1 3 6 9 10
1 3 7 8 9
1 3 7 8 10
1 3 7 9 10
1 3 8 9 10
1 4 5 6 7
1 4 5 6 8
1 4 5 6 9
1 4 5 6 10
1 4 5 7 8
1 4 5 7 9
1 4 5 7 10
1 4 5 8 9
1 4 5 8 10
1 4 5 9 10
1 4 6 7 8
1 4 6 7 9
1 4 6 7 10
1 4 6 8 9
1 4 6 8 10
1 4 6 9 10
1 4 7 8 9
1 4 7 8 10
1 4 7 9 10
1 4 8 9 10
1 5 6 7 8
1 5 6 7 9
1 5 6 7 10
1 5 6 8 9
1 5 6 8 10
1 5 6 9 10
1 5 7 8 9
1 5 7 8 10
1 5 7 9 10
1 5 8 9 10
1 6 7 8 9
1 6 7 8 10
1 6 7 9 10
1 6 8 9 10
1 7 8 9 10
2 3 4 5 6
2 3 4 5 7
2 3 4 5 8
2 3 4 5 9
2 3 4 5 10
2 3 4 6 7
2 3 4 6 8
2 3 4 6 9
2 3 4 6 10
2 3 4 7 8
2 3 4 7 9
2 3 4 7 10
2 3 4 8 9
2 3 4 8 10
2 3 4 9 10
2 3 5 6 7
2 3 5 6 8
2 3 5 6 9
2 3 5 6 10
2 3 5 7 8
2 3 5 7 9
2 3 5 7 10
2 3 5 8 9
2 3 5 8 10
2 3 5 9 10
2 3 6 7 8
2 3 6 7 9
2 3 6 7 10
2 3 6 8 9
2 3 6 8 10
2 3 6 9 10
2 3 7 8 9
2 3 7 8 10
2 3 7 9 10
2 3 8 9 10
2 4 5 6 7
2 4 5 6 8
2 4 5 6 9
2 4 5 6 10
2 4 5 7 8
2 4 5 7 9
2 4 5 7 10
2 4 5 8 9
2 4 5 8 10
2 4 5 9 10
2 4 6 7 8
2 4 6 7 9
2 4 6 7 10
2 4 6 8 9
2 4 6 8 10
2 4 6 9 10
2 4 7 8 9
2 4 7 8 10
2 4 7 9 10
2 4 8 9 10
2 5 6 7 8
2 5 6 7 9
2 5 6 7 10
2 5 6 8 9
2 5 6 8 10
2 5 6 9 10
2 5 7 8 9
2 5 7 8 10
2 5 7 9 10
2 5 8 9 10
2 6 7 8 9
2 6 7 8 10
2 6 7 9 10
2 6 8 9 10
2 7 8 9 10
3 4 5 6 7
3 4 5 6 8
3 4 5 6 9
3 4 5 6 10
3 4 5 7 8
3 4 5 7 9
3 4 5 7 10
3 4 5 8 9
3 4 5 8 10
3 4 5 9 10
3 4 6 7 8
3 4 6 7 9
3 4 6 7 10
3 4 6 8 9
3 4 6 8 10
3 4 6 9 10
3 4 7 8 9
3 4 7 8 10
3 4 7 9 10
3 4 8 9 10
3 5 6 7 8
3 5 6 7 9
3 5 6 7 10
3 5 6 8 9
3 5 6 8 10
3 5 6 9 10
3 5 7 8 9
3 5 7 8 10
3 5 7 9 10
3 5 8 9 10
3 6 7 8 9
3 6 7 8 10
3 6 7 9 10
3 6 8 9 10
3 7 8 9 10
4 5 6 7 8
4 5 6 7 9
4 5 6 7 10
4 5 6 8 9
4 5 6 8 10
4 5 6 9 10
4 5 7 8 9
4 5 7 8 10
4 5 7 9 10
4 5 8 9 10
4 6 7 8 9
4 6 7 8 10
4 6 7 9 10
4 6 8 9 10
4 7 8 9 10
5 6 7 8 9
5 6 7 8 10
5 6 7 9 10
5 6 8 9 10
5 7 8 9 10
6 7 8 9 10

Is hamiltonian hermitian? 1
Implicit Hamiltonian constructed
E(core)= 9.189534427600
H(1,1) + E(core) energy = -76.357980479500
Davidson: iter=0 dim=0 root=0 eigenvalue=-85.547514907100
Davidson: iter=1 dim=1 root=0 eigenvalue=-85.559933413097
Davidson: iter=2 dim=2 root=0 eigenvalue=-85.560463658732
Davidson: iter=3 dim=3 root=0 eigenvalue=-85.560476378132
Davidson: iter=4 dim=4 root=0 eigenvalue=-85.560476871997
Davidson: iter=5 dim=5 root=0 eigenvalue=-85.560476890131
Davidson: iter=6 dim=6 root=0 eigenvalue=-85.560476890908
Davidson: iter=7 dim=7 root=0 eigenvalue=-85.560476890942
Davidson: iter=8 dim=8 root=0 eigenvalue=-85.560476890943
root no. 0 converged
Davidson converged in 8 iterations.
E(core)= 9.189534427600
E(0)= -76.370942463343
FCI Excitation energies = 1
0.000000000000

Vacuum coefficients in CI state 0 = -0.996609030765
Eigenvector 0 in string basis
0: -0.996609030765 seniority 0 ... 5
1 2 3 4 5
 | 5
1 2 3 4 5

Seniority vectors for all roots (nroots/seniority)
1 6
0.995518771890 0.001711118924 -0.994206698069 0.077804472627 1.000000000030 0.000000000000

Calculating transition densities
Root 0 MO occupations numbers (density matrix diagonal)
10
1.999999071211 1.998075970842 1.994593104867 1.994272831434 1.999544427232 0.002375692424 0.001965042809 0.002773869291 0.001826120230 0.004573869661
Transition densities done:
Trandens between roots 0 0
10 10
1.999999071211 0.000008786429 0.000000000000 0.000003907697 0.000000000000 0.000243609958 -0.000000000000 -0.000000000000 0.000204002062 -0.000160791223
0.000008786429 1.998075970842 -0.000000000000 -0.001903722591 0.000000000000 0.001135458087 0.000000000003 -0.000000000002 0.007200380160 0.003570849783
0.000000000000 -0.000000000000 1.994593104867 -0.000000000001 0.000000000000 -0.000000000006 -0.000516845775 0.001030951391 -0.000000000009 0.000000000016
0.000003907697 -0.001903722591 -0.000000000001 1.994272831434 0.000000000000 0.006051423927 0.000000000008 0.000000000247 -0.007088069183 -0.001686132971
0.000000000000 0.000000000000 0.000000000000 0.000000000000 1.999544427232 0.000000000000 0.000000000000 0.000000000000 0.000000000000 0.000000000000
0.000243609958 0.001135458087 -0.000000000006 0.006051423927 0.000000000000 0.002375692424 0.000000000000 0.000000000001 -0.000368774171 -0.003040338679
-0.000000000000 0.000000000003 -0.000516845775 0.000000000008 0.000000000000 0.000000000000 0.001965042809 0.001847014312 -0.000000000000 -0.000000000000
-0.000000000000 -0.000000000002 0.001030951391 0.000000000247 0.000000000000 0.000000000001 0.001847014312 0.002773869291 -0.000000000002 -0.000000000001
0.000204002062 0.007200380160 -0.000000000009 -0.007088069183 0.000000000000 -0.000368774171 -0.000000000000 -0.000000000002 0.001826120230 0.000676632868
-0.000160791223 0.003570849783 0.000000000016 -0.001686132971 0.000000000000 -0.003040338679 -0.000000000000 -0.000000000001 0.000676632868 0.004573869661

State 0 :
Natural orbital occupations
10
1.999999189364 1.999544427232 1.998917745522 1.994593772044 1.993509023237 0.006802244791 0.004260110915 0.001671373746 0.000478134007 0.000223979143
Natural orbitals (in MO basis)
10 10
-0.999977950845 0.000000000001 0.006540411540 -0.000000000002 -0.001135348232 0.000119715882 0.000000000000 0.000123861499 -0.000000000000 0.000046379482
-0.006470271786 -0.000000000000 -0.922170151202 0.000000000479 0.386708972951 -0.001656596622 -0.000000000000 0.003484160604 0.000000000001 0.001278423557
0.000000000000 0.000000000000 -0.000000000101 -0.999999832659 0.000000000998 -0.000000000007 -0.000240701968 -0.000000000006 -0.000526065602 0.000000000002
0.001482242630 -0.000000000000 0.386694994908 0.000000000881 0.922194219660 0.002929612587 -0.000000000098 -0.003031887863 -0.000000000073 0.002197753804
-0.000000000001 -1.000000000000 0.000000000000 -0.000000000000 -0.000000000000 -0.000000000000 -0.000000000000 0.000000000000 0.000000000000 0.000000000000
-0.000121213964 0.000000000000 0.000652287213 0.000000000006 0.003023594711 -0.565911014159 -0.000000000358 -0.133734047559 -0.000000000116 -0.813541852814
0.000000000000 0.000000000000 0.000000000000 0.000258899274 0.000000000004 -0.000000000266 0.626993745603 -0.000000000400 -0.779024246058 0.000000000086
0.000000000000 0.000000000000 0.000000000049 -0.000517352511 0.000000000114 -0.000000000451 0.779024251893 -0.000000000071 0.626993578363 -0.000000000107
-0.000130620109 0.000000000000 -0.004697402584 0.000000000003 -0.001884604300 0.145715533421 -0.000000000225 -0.987434467180 0.000000000283 0.060946878177
0.000067887382 -0.000000000000 -0.001981184662 -0.000000000008 -0.000092686687 0.811480354721 0.000000000429 0.084065632030 -0.000000000039 -0.578298076359

