Number of strings: 462 462, CI size = 213444
String addressing array alpha: 5 11
0 126 196 231 246 251 252 252 252 252 252
0 0 56 91 111 121 125 126 126 126 126
0 0 0 21 36 46 52 55 56 56 56
0 0 0 0 6 11 15 18 20 21 21
0 0 0 0 0 1 2 3 4 5 6

Alpha strings 462 5
1 2 3 4 5
1 2 3 4 6
1 2 3 4 7
1 2 3 4 8
1 2 3 4 9
1 2 3 4 10
1 2 3 4 11
1 2 3 5 6
1 2 3 5 7
1 2 3 5 8
1 2 3 5 9
1 2 3 5 10
1 2 3 5 11
1 2 3 6 7
1 2 3 6 8
1 2 3 6 9
1 2 3 6 10
1 2 3 6 11
1 2 3 7 8
1 2 3 7 9
1 2 3 7 10
1 2 3 7 11
1 2 3 8 9
1 2 3 8 10
1 2 3 8 11
1 2 3 9 10
1 2 3 9 11
1 2 3 10 11
1 2 4 5 6
1 2 4 5 7
1 2 4 5 8
1 2 4 5 9
1 2 4 5 10
1 2 4 5 11
1 2 4 6 7
1 2 4 6 8
1 2 4 6 9
1 2 4 6 10
1 2 4 6 11
1 2 4 7 8
1 2 4 7 9
1 2 4 7 10
1 2 4 7 11
1 2 4 8 9
1 2 4 8 10
1 2 4 8 11
1 2 4 9 10
1 2 4 9 11
1 2 4 10 11
1 2 5 6 7
1 2 5 6 8
1 2 5 6 9
1 2 5 6 10
1 2 5 6 11
1 2 5 7 8
1 2 5 7 9
1 2 5 7 10
1 2 5 7 11
1 2 5 8 9
1 2 5 8 10
1 2 5 8 11
1 2 5 9 10
1 2 5 9 11
1 2 5 10 11
1 2 6 7 8
1 2 6 7 9
1 2 6 7 10
1 2 6 7 11
1 2 6 8 9
1 2 6 8 10
1 2 6 8 11
1 2 6 9 10
1 2 6 9 11
1 2 6 10 11
1 2 7 8 9
1 2 7 8 10
1 2 7 8 11
1 2 7 9 10
1 2 7 9 11
1 2 7 10 11
1 2 8 9 10
1 2 8 9 11
1 2 8 10 11
1 2 9 10 11
1 3 4 5 6
1 3 4 5 7
1 3 4 5 8
1 3 4 5 9
1 3 4 5 10
1 3 4 5 11
1 3 4 6 7
1 3 4 6 8
1 3 4 6 9
1 3 4 6 10
1 3 4 6 11
1 3 4 7 8
1 3 4 7 9
1 3 4 7 10
1 3 4 7 11
1 3 4 8 9
1 3 4 8 10
1 3 4 8 11
1 3 4 9 10
1 3 4 9 11
1 3 4 10 11
1 3 5 6 7
1 3 5 6 8
1 3 5 6 9
1 3 5 6 10
1 3 5 6 11
1 3 5 7 8
1 3 5 7 9
1 3 5 7 10
1 3 5 7 11
1 3 5 8 9
1 3 5 8 10
1 3 5 8 11
1 3 5 9 10
1 3 5 9 11
1 3 5 10 11
1 3 6 7 8
1 3 6 7 9
1 3 6 7 10
1 3 6 7 11
1 3 6 8 9
1 3 6 8 10
1 3 6 8 11
1 3 6 9 10
1 3 6 9 11
1 3 6 10 11
1 3 7 8 9
1 3 7 8 10
1 3 7 8 11
1 3 7 9 10
1 3 7 9 11
1 3 7 10 11
1 3 8 9 10
1 3 8 9 11
1 3 8 10 11
1 3 9 10 11
1 4 5 6 7
1 4 5 6 8
1 4 5 6 9
1 4 5 6 10
1 4 5 6 11
1 4 5 7 8
1 4 5 7 9
1 4 5 7 10
1 4 5 7 11
1 4 5 8 9
1 4 5 8 10
1 4 5 8 11
1 4 5 9 10
1 4 5 9 11
1 4 5 10 11
1 4 6 7 8
1 4 6 7 9
1 4 6 7 10
1 4 6 7 11
1 4 6 8 9
1 4 6 8 10
1 4 6 8 11
1 4 6 9 10
1 4 6 9 11
1 4 6 10 11
1 4 7 8 9
1 4 7 8 10
1 4 7 8 11
1 4 7 9 10
1 4 7 9 11
1 4 7 10 11
1 4 8 9 10
1 4 8 9 11
1 4 8 10 11
1 4 9 10 11
1 5 6 7 8
1 5 6 7 9
1 5 6 7 10
1 5 6 7 11
1 5 6 8 9
1 5 6 8 10
1 5 6 8 11
1 5 6 9 10
1 5 6 9 11
1 5 6 10 11
1 5 7 8 9
1 5 7 8 10
1 5 7 8 11
1 5 7 9 10
1 5 7 9 11
1 5 7 10 11
1 5 8 9 10
1 5 8 9 11
1 5 8 10 11
1 5 9 10 11
1 6 7 8 9
1 6 7 8 10
1 6 7 8 11
1 6 7 9 10
1 6 7 9 11
1 6 7 10 11
1 6 8 9 10
1 6 8 9 11
1 6 8 10 11
1 6 9 10 11
1 7 8 9 10
1 7 8 9 11
1 7 8 10 11
1 7 9 10 11
1 8 9 10 11
2 3 4 5 6
2 3 4 5 7
2 3 4 5 8
2 3 4 5 9
2 3 4 5 10
2 3 4 5 11
2 3 4 6 7
2 3 4 6 8
2 3 4 6 9
2 3 4 6 10
2 3 4 6 11
2 3 4 7 8
2 3 4 7 9
2 3 4 7 10
2 3 4 7 11
2 3 4 8 9
2 3 4 8 10
2 3 4 8 11
2 3 4 9 10
2 3 4 9 11
2 3 4 10 11
2 3 5 6 7
2 3 5 6 8
2 3 5 6 9
2 3 5 6 10
2 3 5 6 11
2 3 5 7 8
2 3 5 7 9
2 3 5 7 10
2 3 5 7 11
2 3 5 8 9
2 3 5 8 10
2 3 5 8 11
2 3 5 9 10
2 3 5 9 11
2 3 5 10 11
2 3 6 7 8
2 3 6 7 9
2 3 6 7 10
2 3 6 7 11
2 3 6 8 9
2 3 6 8 10
2 3 6 8 11
2 3 6 9 10
2 3 6 9 11
2 3 6 10 11
2 3 7 8 9
2 3 7 8 10
2 3 7 8 11
2 3 7 9 10
2 3 7 9 11
2 3 7 10 11
2 3 8 9 10
2 3 8 9 11
2 3 8 10 11
2 3 9 10 11
2 4 5 6 7
2 4 5 6 8
2 4 5 6 9
2 4 5 6 10
2 4 5 6 11
2 4 5 7 8
2 4 5 7 9
2 4 5 7 10
2 4 5 7 11
2 4 5 8 9
2 4 5 8 10
2 4 5 8 11
2 4 5 9 10
2 4 5 9 11
2 4 5 10 11
2 4 6 7 8
2 4 6 7 9
2 4 6 7 10
2 4 6 7 11
2 4 6 8 9
2 4 6 8 10
2 4 6 8 11
2 4 6 9 10
2 4 6 9 11
2 4 6 10 11
2 4 7 8 9
2 4 7 8 10
2 4 7 8 11
2 4 7 9 10
2 4 7 9 11
2 4 7 10 11
2 4 8 9 10
2 4 8 9 11
2 4 8 10 11
2 4 9 10 11
2 5 6 7 8
2 5 6 7 9
2 5 6 7 10
2 5 6 7 11
2 5 6 8 9
2 5 6 8 10
2 5 6 8 11
2 5 6 9 10
2 5 6 9 11
2 5 6 10 11
2 5 7 8 9
2 5 7 8 10
2 5 7 8 11
2 5 7 9 10
2 5 7 9 11
2 5 7 10 11
2 5 8 9 10
2 5 8 9 11
2 5 8 10 11
2 5 9 10 11
2 6 7 8 9
2 6 7 8 10
2 6 7 8 11
2 6 7 9 10
2 6 7 9 11
2 6 7 10 11
2 6 8 9 10
2 6 8 9 11
2 6 8 10 11
2 6 9 10 11
2 7 8 9 10
2 7 8 9 11
2 7 8 10 11
2 7 9 10 11
2 8 9 10 11
3 4 5 6 7
3 4 5 6 8
3 4 5 6 9
3 4 5 6 10
3 4 5 6 11
3 4 5 7 8
3 4 5 7 9
3 4 5 7 10
3 4 5 7 11
3 4 5 8 9
3 4 5 8 10
3 4 5 8 11
3 4 5 9 10
3 4 5 9 11
3 4 5 10 11
3 4 6 7 8
3 4 6 7 9
3 4 6 7 10
3 4 6 7 11
3 4 6 8 9
3 4 6 8 10
3 4 6 8 11
3 4 6 9 10
3 4 6 9 11
3 4 6 10 11
3 4 7 8 9
3 4 7 8 10
3 4 7 8 11
3 4 7 9 10
3 4 7 9 11
3 4 7 10 11
3 4 8 9 10
3 4 8 9 11
3 4 8 10 11
3 4 9 10 11
3 5 6 7 8
3 5 6 7 9
3 5 6 7 10
3 5 6 7 11
3 5 6 8 9
3 5 6 8 10
3 5 6 8 11
3 5 6 9 10
3 5 6 9 11
3 5 6 10 11
3 5 7 8 9
3 5 7 8 10
3 5 7 8 11
3 5 7 9 10
3 5 7 9 11
3 5 7 10 11
3 5 8 9 10
3 5 8 9 11
3 5 8 10 11
3 5 9 10 11
3 6 7 8 9
3 6 7 8 10
3 6 7 8 11
3 6 7 9 10
3 6 7 9 11
3 6 7 10 11
3 6 8 9 10
3 6 8 9 11
3 6 8 10 11
3 6 9 10 11
3 7 8 9 10
3 7 8 9 11
3 7 8 10 11
3 7 9 10 11
3 8 9 10 11
4 5 6 7 8
4 5 6 7 9
4 5 6 7 10
4 5 6 7 11
4 5 6 8 9
4 5 6 8 10
4 5 6 8 11
4 5 6 9 10
4 5 6 9 11
4 5 6 10 11
4 5 7 8 9
4 5 7 8 10
4 5 7 8 11
4 5 7 9 10
4 5 7 9 11
4 5 7 10 11
4 5 8 9 10
4 5 8 9 11
4 5 8 10 11
4 5 9 10 11
4 6 7 8 9
4 6 7 8 10
4 6 7 8 11
4 6 7 9 10
4 6 7 9 11
4 6 7 10 11
4 6 8 9 10
4 6 8 9 11
4 6 8 10 11
4 6 9 10 11
4 7 8 9 10
4 7 8 9 11
4 7 8 10 11
4 7 9 10 11
4 8 9 10 11
5 6 7 8 9
5 6 7 8 10
5 6 7 8 11
5 6 7 9 10
5 6 7 9 11
5 6 7 10 11
5 6 8 9 10
5 6 8 9 11
5 6 8 10 11
5 6 9 10 11
5 7 8 9 10
5 7 8 9 11
5 7 8 10 11
5 7 9 10 11
5 8 9 10 11
6 7 8 9 10
6 7 8 9 11
6 7 8 10 11
6 7 9 10 11
6 8 9 10 11
7 8 9 10 11

Is hamiltonian hermitian? 1
Implicit Hamiltonian constructed
E(core)= 9.189534427600
H(1,1) + E(core) energy = -76.344053042100
Davidson: iter=0 dim=0 root=0 eigenvalue=-85.533587469700
Davidson: iter=1 dim=1 root=0 eigenvalue=-85.557628536981
Davidson: iter=2 dim=2 root=0 eigenvalue=-85.559575465096
Davidson: iter=3 dim=3 root=0 eigenvalue=-85.559629885974
Davidson: iter=4 dim=4 root=0 eigenvalue=-85.559633335756
Davidson: iter=5 dim=5 root=0 eigenvalue=-85.559633494622
Davidson: iter=6 dim=6 root=0 eigenvalue=-85.559633505928
Davidson: iter=7 dim=7 root=0 eigenvalue=-85.559633506456
Davidson: iter=8 dim=8 root=0 eigenvalue=-85.559633506487
Davidson: iter=9 dim=9 root=0 eigenvalue=-85.559633506488
root no. 0 converged
Davidson converged in 9 iterations.
E(core)= 9.189534427600
E(0)= -76.370099078888
FCI Excitation energies = 1
0.000000000000

Vacuum coefficients in CI state 0 = -0.993296503940
Eigenvector 0 in string basis
0: -0.993296503940 seniority 0 ... 5
1 2 3 4 5
 | 5
1 2 3 4 5

Seniority vectors for all roots (nroots/seniority)
1 6
0.990834327580 0.001994812734 -0.987423230983 0.104682723517 1.000001988848 0.000000000013

Calculating transition densities
Root 0 MO occupations numbers (density matrix diagonal)
11
1.999998092463 1.996942760104 1.993158383299 1.991660031327 1.991438549491 0.003321786221 0.003090014861 0.003075107520 0.003049372933 0.005993302334 0.008272599450
Transition densities done:
Trandens between roots 0 0
11 11
1.999998092463 0.000014112265 0.000000000000 -0.000003170844 0.000000000000 0.000236784845 -0.000000000000 -0.000000000000 0.000197574535 -0.000155571691 0.000000000000
0.000014112265 1.996942760104 0.000000000000 -0.002577694153 0.000000000000 0.000144931703 0.000000000003 -0.000000000003 0.007001143617 0.003971441761 0.000000000000
0.000000000000 0.000000000000 1.993158383299 -0.000000000002 0.000000000000 -0.000000000006 -0.001798193324 0.000735469189 -0.000000000010 0.000000000016 0.000000000000
-0.000003170844 -0.002577694153 -0.000000000002 1.991660031327 0.000000000000 0.005272239436 0.000000000008 0.000000000249 -0.005644544523 -0.000375534018 0.000000000000
0.000000000000 0.000000000000 0.000000000000 0.000000000000 1.991438549491 0.000000000000 0.000000000000 0.000000000000 0.000000000000 0.000000000000 -0.013168979782
0.000236784845 0.000144931703 -0.000000000006 0.005272239436 0.000000000000 0.003321786221 0.000000000000 0.000000000001 -0.000731947774 -0.004057425982 0.000000000000
-0.000000000000 0.000000000003 -0.001798193324 0.000000000008 0.000000000000 0.000000000000 0.003090014861 0.002385816456 -0.000000000000 -0.000000000000 0.000000000000
-0.000000000000 -0.000000000003 0.000735469189 0.000000000249 0.000000000000 0.000000000001 0.002385816456 0.003075107520 -0.000000000002 -0.000000000001 0.000000000000
0.000197574535 0.007001143617 -0.000000000010 -0.005644544523 0.000000000000 -0.000731947774 -0.000000000000 -0.000000000002 0.003049372933 0.001631202887 0.000000000000
-0.000155571691 0.003971441761 0.000000000016 -0.000375534018 0.000000000000 -0.004057425982 -0.000000000000 -0.000000000001 0.001631202887 0.005993302334 0.000000000000
0.000000000000 0.000000000000 0.000000000000 0.000000000000 -0.013168979782 0.000000000000 0.000000000000 0.000000000000 0.000000000000 0.000000000000 0.008272599450

State 0 :
Natural orbital occupations
11
1.999998261682 1.998038295374 1.993160278330 1.991525992693 1.990626959247 0.009388667009 0.008185156247 0.005468103173 0.002595534858 0.000695124177 0.000317627212
Natural orbitals (in MO basis)
11 11
0.999972220874 0.007446300488 0.000000000000 0.000000000000 -0.000283055772 0.000101814528 -0.000000000000 0.000000000000 -0.000136667027 0.000000000000 0.000030421108
0.006998502480 -0.925466482964 -0.000000000312 0.000000000000 0.378743319838 -0.002455082562 -0.000000000000 -0.000000000000 -0.003124235842 -0.000000000001 0.000720604576
0.000000000001 -0.000000000121 0.999999524278 0.000000000000 0.000000000528 -0.000000000007 -0.000000000000 0.000379335850 0.000000000007 0.000898636539 0.000000000003
-0.002558258536 0.378725619282 -0.000000000443 0.000000000000 0.925497297402 0.002373749683 -0.000000000000 -0.000000000091 0.001935129880 0.000000000085 0.002394514281
-0.000000000000 -0.000000000000 0.000000000000 0.999977955336 0.000000000000 0.000000000000 -0.006639942995 0.000000000000 -0.000000000000 0.000000000000 -0.000000000000
0.000112420694 0.000940147949 -0.000000000004 0.000000000000 0.002482193572 -0.556754519150 -0.000000000000 -0.000000000353 0.279777446766 0.000000000101 -0.782139327668
-0.000000000000 0.000000000000 -0.000903140641 0.000000000000 0.000000000004 -0.000000000235 -0.000000000000 0.708109920612 0.000000000428 0.706101639049 0.000000000092
-0.000000000000 0.000000000048 0.000368483782 0.000000000000 0.000000000116 -0.000000000395 -0.000000000000 0.706102114736 0.000000000046 -0.708109926343 -0.000000000112
0.000130609526 -0.004320530400 -0.000000000005 0.000000000000 -0.001294694834 0.262273270677 -0.000000000000 -0.000000000201 0.952607373930 -0.000000000309 0.154050518810
-0.000063718798 -0.001922487334 0.000000000007 -0.000000000000 0.000576661654 0.788178573935 0.000000000000 0.000000000383 -0.119374399097 0.000000000030 -0.603755129066
-0.000000000000 -0.000000000000 0.000000000000 -0.006639942995 0.000000000000 0.000000000000 -0.999977955336 0.000000000000 -0.000000000000 0.000000000000 -0.000000000000

