Number of strings: 56 56, CI size = 3136
String addressing array alpha: 5 8
0 15 20 21 21 21 21 21
0 0 10 14 15 15 15 15
0 0 0 6 9 10 10 10
0 0 0 0 3 5 6 6
0 0 0 0 0 1 2 3

Alpha strings 56 5
1 2 3 4 5
1 2 3 4 6
1 2 3 4 7
1 2 3 4 8
1 2 3 5 6
1 2 3 5 7
1 2 3 5 8
1 2 3 6 7
1 2 3 6 8
1 2 3 7 8
1 2 4 5 6
1 2 4 5 7
1 2 4 5 8
1 2 4 6 7
1 2 4 6 8
1 2 4 7 8
1 2 5 6 7
1 2 5 6 8
1 2 5 7 8
1 2 6 7 8
1 3 4 5 6
1 3 4 5 7
1 3 4 5 8
1 3 4 6 7
1 3 4 6 8
1 3 4 7 8
1 3 5 6 7
1 3 5 6 8
1 3 5 7 8
1 3 6 7 8
1 4 5 6 7
1 4 5 6 8
1 4 5 7 8
1 4 6 7 8
1 5 6 7 8
2 3 4 5 6
2 3 4 5 7
2 3 4 5 8
2 3 4 6 7
2 3 4 6 8
2 3 4 7 8
2 3 5 6 7
2 3 5 6 8
2 3 5 7 8
2 3 6 7 8
2 4 5 6 7
2 4 5 6 8
2 4 5 7 8
2 4 6 7 8
2 5 6 7 8
3 4 5 6 7
3 4 5 6 8
3 4 5 7 8
3 4 6 7 8
3 5 6 7 8
4 5 6 7 8

Is hamiltonian hermitian? 1
Implicit Hamiltonian constructed
E(core)= 9.189534427600
H(1,1) + E(core) energy = -76.366466231600
Davidson: iter=0 dim=0 root=0 eigenvalue=-85.556000659200
Davidson: iter=1 dim=1 root=0 eigenvalue=-85.559848602714
Davidson: iter=2 dim=2 root=0 eigenvalue=-85.559929844828
Davidson: iter=3 dim=3 root=0 eigenvalue=-85.559931101281
Davidson: iter=4 dim=4 root=0 eigenvalue=-85.559931120261
Davidson: iter=5 dim=5 root=0 eigenvalue=-85.559931120531
Davidson: iter=6 dim=6 root=0 eigenvalue=-85.559931120537
Davidson: iter=7 dim=7 root=0 eigenvalue=-85.559931120537
root no. 0 converged
Davidson converged in 7 iterations.
E(core)= 9.189534427600
E(0)= -76.370396692937
FCI Excitation energies = 1
0.000000000000

Vacuum coefficients in CI state 0 = -0.998937386433
Eigenvector 0 in string basis
0: -0.998937386433 seniority 0 ... 5
1 2 3 4 5
 | 5
1 2 3 4 5

Seniority vectors for all roots (nroots/seniority)
1 6
0.999028277694 0.000411160982 -0.998450431012 0.044463886812 1.000000000000 0.000000000000

Calculating transition densities
Root 0 MO occupations numbers (density matrix diagonal)
8
1.999999788707 1.999515072418 1.997827553431 1.998579742349 1.999848139874 0.001299963135 0.001086871605 0.001842868480
Transition densities done:
Trandens between roots 0 0
8 8
1.999999788707 0.000002611443 -0.000000000000 -0.000004094989 0.000000000000 0.000251075654 -0.000000000000 -0.000000000000
0.000002611443 1.999515072418 0.000000000000 -0.000470247258 0.000000000000 0.001613122534 0.000000000004 -0.000000000002
-0.000000000000 0.000000000000 1.997827553431 -0.000000000001 0.000000000000 -0.000000000006 0.000629870387 0.001078163092
-0.000004094989 -0.000470247258 -0.000000000001 1.998579742349 0.000000000000 0.006641691692 0.000000000005 0.000000000242
0.000000000000 0.000000000000 0.000000000000 0.000000000000 1.999848139874 0.000000000000 0.000000000000 0.000000000000
0.000251075654 0.001613122534 -0.000000000006 0.006641691692 0.000000000000 0.001299963135 0.000000000000 0.000000000001
-0.000000000000 0.000000000004 0.000629870387 0.000000000005 0.000000000000 0.000000000000 0.001086871605 0.001177709645
-0.000000000000 -0.000000000002 0.001078163092 0.000000000242 0.000000000000 0.000000000001 0.001177709645 0.001842868480

State 0 :
Natural orbital occupations
8
1.999999874055 1.999848139874 1.999711135308 1.998407016224 1.997828334912 0.002700980883 0.001276541022 0.000227977722
Natural orbitals (in MO basis)
8 8
0.999910091888 0.000000000001 -0.013354431723 0.001204787079 -0.000000000002 0.000000000000 0.000125623039 -0.000000000000
0.011851035342 0.000000000001 0.922218591773 0.386486440906 -0.000000000116 -0.000000000001 0.000808049955 0.000000000002
0.000000000001 -0.000000000000 0.000000000153 -0.000000000664 -0.999999804155 -0.000622643191 -0.000000000003 -0.000063285476
-0.006272800812 -0.000000000000 -0.386437879653 0.922288110183 -0.000000000672 -0.000000000100 0.003325500725 -0.000000000069
0.000000000001 -1.000000000000 0.000000000001 0.000000000000 0.000000000000 -0.000000000000 0.000000000000 -0.000000000000
0.000114328440 0.000000000000 -0.000541581558 0.003379541296 0.000000000000 0.000000000224 -0.999994136142 -0.000000000099
-0.000000000000 -0.000000000000 0.000000000001 0.000000000003 -0.000315767791 0.589260128900 0.000000000212 -0.807943315325
-0.000000000001 -0.000000000000 -0.000000000048 0.000000000111 -0.000540352012 0.807943137110 0.000000000123 0.589260210108

