Number of strings: 56 56, CI size = 3136
String addressing array alpha: 5 8
0 15 20 21 21 21 21 21
0 0 10 14 15 15 15 15
0 0 0 6 9 10 10 10
0 0 0 0 3 5 6 6
0 0 0 0 0 1 2 3

Alpha strings 56 5
1 2 3 4 5
1 2 3 4 6
1 2 3 4 7
1 2 3 4 8
1 2 3 5 6
1 2 3 5 7
1 2 3 5 8
1 2 3 6 7
1 2 3 6 8
1 2 3 7 8
1 2 4 5 6
1 2 4 5 7
1 2 4 5 8
1 2 4 6 7
1 2 4 6 8
1 2 4 7 8
1 2 5 6 7
1 2 5 6 8
1 2 5 7 8
1 2 6 7 8
1 3 4 5 6
1 3 4 5 7
1 3 4 5 8
1 3 4 6 7
1 3 4 6 8
1 3 4 7 8
1 3 5 6 7
1 3 5 6 8
1 3 5 7 8
1 3 6 7 8
1 4 5 6 7
1 4 5 6 8
1 4 5 7 8
1 4 6 7 8
1 5 6 7 8
2 3 4 5 6
2 3 4 5 7
2 3 4 5 8
2 3 4 6 7
2 3 4 6 8
2 3 4 7 8
2 3 5 6 7
2 3 5 6 8
2 3 5 7 8
2 3 6 7 8
2 4 5 6 7
2 4 5 6 8
2 4 5 7 8
2 4 6 7 8
2 5 6 7 8
3 4 5 6 7
3 4 5 6 8
3 4 5 7 8
3 4 6 7 8
3 5 6 7 8
4 5 6 7 8

Is hamiltonian hermitian? 1
Implicit Hamiltonian constructed
E(core)= 9.189534427600
H(1,1) + E(core) energy = -76.239119170200
Davidson: iter=0 dim=0 root=0 eigenvalue=-85.428653597800
Davidson: iter=1 dim=1 root=0 eigenvalue=-85.442308443241
Davidson: iter=2 dim=2 root=0 eigenvalue=-85.442682057597
Davidson: iter=3 dim=3 root=0 eigenvalue=-85.442691968169
Davidson: iter=4 dim=4 root=0 eigenvalue=-85.442692237905
Davidson: iter=5 dim=5 root=0 eigenvalue=-85.442692245759
Davidson: iter=6 dim=6 root=0 eigenvalue=-85.442692246075
Davidson: iter=7 dim=7 root=0 eigenvalue=-85.442692246089
Davidson: iter=8 dim=8 root=0 eigenvalue=-85.442692246090
root no. 0 converged
Davidson converged in 8 iterations.
E(core)= 9.189534427600
E(0)= -76.253157818490
FCI Excitation energies = 1
0.000000000000

Vacuum coefficients in CI state 0 = -0.996288839267
Eigenvector 0 in string basis
0: -0.996288839267 seniority 0 ... 5
1 2 3 4 5
 | 5
1 2 3 4 5

Seniority vectors for all roots (nroots/seniority)
1 6
0.996414030717 0.001726748025 -0.994772745738 0.082004407182 1.000000000000 0.000000000000

Calculating transition densities
Root 0 MO occupations numbers (density matrix diagonal)
8
1.999999094421 1.998116633701 1.991702387333 1.995870531330 1.999580876549 0.004062642871 0.004647699531 0.006020134262
Transition densities done:
Trandens between roots 0 0
8 8
1.999999094421 0.000014132914 0.000000000000 0.000018826463 0.000000000000 0.000081285909 0.000000000000 0.000000000000
0.000014132914 1.998116633701 0.000000000000 0.001548276817 0.000000000000 0.005335624496 0.000000000000 0.000000000000
0.000000000000 0.000000000000 1.991702387333 0.000000000000 0.000000000000 0.000000000000 0.007182334105 -0.003969093095
0.000018826463 0.001548276817 0.000000000000 1.995870531330 0.000000000000 -0.010343863591 0.000000000000 0.000000000000
0.000000000000 0.000000000000 0.000000000000 0.000000000000 1.999580876549 0.000000000000 0.000000000000 0.000000000000
0.000081285909 0.005335624496 0.000000000000 -0.010343863591 0.000000000000 0.004062642871 0.000000000000 0.000000000000
0.000000000000 0.000000000000 0.007182334105 0.000000000000 0.000000000000 0.000000000000 0.004647699531 -0.004598711386
0.000000000000 0.000000000000 -0.003969093095 0.000000000000 0.000000000000 0.000000000000 -0.004598711386 0.006020134262

State 0 :
Natural orbital occupations
8
1.999999526819 1.999580876549 1.998905870768 1.995148900604 1.991736348029 0.009953674995 0.003994604133 0.000680198103
Natural orbitals (in MO basis)
8 8
-0.999810934815 -0.000000000000 0.019337688838 0.002036357923 -0.000000000000 0.000000000000 -0.000040753642 -0.000000000000
-0.016302519388 0.000000000000 -0.890724282914 0.454243656084 -0.000000000000 0.000000000000 -0.002679663536 -0.000000000000
0.000000000000 0.000000000000 0.000000000000 -0.000000000000 -0.999991436567 0.003881442751 0.000000000000 0.001435686271
-0.010598189601 0.000000000000 -0.454132475054 -0.890855984567 0.000000000000 -0.000000000000 0.005195020608 0.000000000000
0.000000000000 -1.000000000000 -0.000000000000 -0.000000000000 0.000000000000 -0.000000000000 0.000000000000 0.000000000000
-0.000029373892 0.000000000000 -0.000026826192 0.005845418220 0.000000000000 -0.000000000000 0.999982914606 0.000000000000
-0.000000000000 0.000000000000 -0.000000000000 -0.000000000000 -0.003619115371 -0.651936359892 0.000000000000 -0.758265049079
-0.000000000000 0.000000000000 -0.000000000000 0.000000000000 0.002007186296 0.758263751641 0.000000000000 -0.651944824467

