Number of strings: 252 252, CI size = 63504
String addressing array alpha: 5 10
0 70 105 120 125 126 126 126 126 126
0 0 35 55 65 69 70 70 70 70
0 0 0 15 25 31 34 35 35 35
0 0 0 0 5 9 12 14 15 15
0 0 0 0 0 1 2 3 4 5

Alpha strings 252 5
1 2 3 4 5
1 2 3 4 6
1 2 3 4 7
1 2 3 4 8
1 2 3 4 9
1 2 3 4 10
1 2 3 5 6
1 2 3 5 7
1 2 3 5 8
1 2 3 5 9
1 2 3 5 10
1 2 3 6 7
1 2 3 6 8
1 2 3 6 9
1 2 3 6 10
1 2 3 7 8
1 2 3 7 9
1 2 3 7 10
1 2 3 8 9
1 2 3 8 10
1 2 3 9 10
1 2 4 5 6
1 2 4 5 7
1 2 4 5 8
1 2 4 5 9
1 2 4 5 10
1 2 4 6 7
1 2 4 6 8
1 2 4 6 9
1 2 4 6 10
1 2 4 7 8
1 2 4 7 9
1 2 4 7 10
1 2 4 8 9
1 2 4 8 10
1 2 4 9 10
1 2 5 6 7
1 2 5 6 8
1 2 5 6 9
1 2 5 6 10
1 2 5 7 8
1 2 5 7 9
1 2 5 7 10
1 2 5 8 9
1 2 5 8 10
1 2 5 9 10
1 2 6 7 8
1 2 6 7 9
1 2 6 7 10
1 2 6 8 9
1 2 6 8 10
1 2 6 9 10
1 2 7 8 9
1 2 7 8 10
1 2 7 9 10
1 2 8 9 10
1 3 4 5 6
1 3 4 5 7
1 3 4 5 8
1 3 4 5 9
1 3 4 5 10
1 3 4 6 7
1 3 4 6 8
1 3 4 6 9
1 3 4 6 10
1 3 4 7 8
1 3 4 7 9
1 3 4 7 10
1 3 4 8 9
1 3 4 8 10
1 3 4 9 10
1 3 5 6 7
1 3 5 6 8
1 3 5 6 9
1 3 5 6 10
1 3 5 7 8
1 3 5 7 9
1 3 5 7 10
1 3 5 8 9
1 3 5 8 10
1 3 5 9 10
1 3 6 7 8
1 3 6 7 9
1 3 6 7 10
1 3 6 8 9
1 3 6 8 10
1 3 6 9 10
1 3 7 8 9
1 3 7 8 10
1 3 7 9 10
1 3 8 9 10
1 4 5 6 7
1 4 5 6 8
1 4 5 6 9
1 4 5 6 10
1 4 5 7 8
1 4 5 7 9
1 4 5 7 10
1 4 5 8 9
1 4 5 8 10
1 4 5 9 10
1 4 6 7 8
1 4 6 7 9
1 4 6 7 10
1 4 6 8 9
1 4 6 8 10
1 4 6 9 10
1 4 7 8 9
1 4 7 8 10
1 4 7 9 10
1 4 8 9 10
1 5 6 7 8
1 5 6 7 9
1 5 6 7 10
1 5 6 8 9
1 5 6 8 10
1 5 6 9 10
1 5 7 8 9
1 5 7 8 10
1 5 7 9 10
1 5 8 9 10
1 6 7 8 9
1 6 7 8 10
1 6 7 9 10
1 6 8 9 10
1 7 8 9 10
2 3 4 5 6
2 3 4 5 7
2 3 4 5 8
2 3 4 5 9
2 3 4 5 10
2 3 4 6 7
2 3 4 6 8
2 3 4 6 9
2 3 4 6 10
2 3 4 7 8
2 3 4 7 9
2 3 4 7 10
2 3 4 8 9
2 3 4 8 10
2 3 4 9 10
2 3 5 6 7
2 3 5 6 8
2 3 5 6 9
2 3 5 6 10
2 3 5 7 8
2 3 5 7 9
2 3 5 7 10
2 3 5 8 9
2 3 5 8 10
2 3 5 9 10
2 3 6 7 8
2 3 6 7 9
2 3 6 7 10
2 3 6 8 9
2 3 6 8 10
2 3 6 9 10
2 3 7 8 9
2 3 7 8 10
2 3 7 9 10
2 3 8 9 10
2 4 5 6 7
2 4 5 6 8
2 4 5 6 9
2 4 5 6 10
2 4 5 7 8
2 4 5 7 9
2 4 5 7 10
2 4 5 8 9
2 4 5 8 10
2 4 5 9 10
2 4 6 7 8
2 4 6 7 9
2 4 6 7 10
2 4 6 8 9
2 4 6 8 10
2 4 6 9 10
2 4 7 8 9
2 4 7 8 10
2 4 7 9 10
2 4 8 9 10
2 5 6 7 8
2 5 6 7 9
2 5 6 7 10
2 5 6 8 9
2 5 6 8 10
2 5 6 9 10
2 5 7 8 9
2 5 7 8 10
2 5 7 9 10
2 5 8 9 10
2 6 7 8 9
2 6 7 8 10
2 6 7 9 10
2 6 8 9 10
2 7 8 9 10
3 4 5 6 7
3 4 5 6 8
3 4 5 6 9
3 4 5 6 10
3 4 5 7 8
3 4 5 7 9
3 4 5 7 10
3 4 5 8 9
3 4 5 8 10
3 4 5 9 10
3 4 6 7 8
3 4 6 7 9
3 4 6 7 10
3 4 6 8 9
3 4 6 8 10
3 4 6 9 10
3 4 7 8 9
3 4 7 8 10
3 4 7 9 10
3 4 8 9 10
3 5 6 7 8
3 5 6 7 9
3 5 6 7 10
3 5 6 8 9
3 5 6 8 10
3 5 6 9 10
3 5 7 8 9
3 5 7 8 10
3 5 7 9 10
3 5 8 9 10
3 6 7 8 9
3 6 7 8 10
3 6 7 9 10
3 6 8 9 10
3 7 8 9 10
4 5 6 7 8
4 5 6 7 9
4 5 6 7 10
4 5 6 8 9
4 5 6 8 10
4 5 6 9 10
4 5 7 8 9
4 5 7 8 10
4 5 7 9 10
4 5 8 9 10
4 6 7 8 9
4 6 7 8 10
4 6 7 9 10
4 6 8 9 10
4 7 8 9 10
5 6 7 8 9
5 6 7 8 10
5 6 7 9 10
5 6 8 9 10
5 7 8 9 10
6 7 8 9 10

Is hamiltonian hermitian? 0
Implicit Hamiltonian constructed
E(core)= 9.189534427600
H(1,1) + E(core) energy = -76.405093457500
Davidson: iter=0 dim=0 root=0 eigenvalue=-85.594627885100
Davidson: iter=1 dim=1 root=0 eigenvalue=-85.598291926090
Davidson: iter=2 dim=2 root=0 eigenvalue=-85.598502794937
Davidson: iter=3 dim=3 root=0 eigenvalue=-85.598507265234
Davidson: iter=4 dim=4 root=0 eigenvalue=-85.598507409791
Davidson: iter=5 dim=5 root=0 eigenvalue=-85.598507413393
Davidson: iter=6 dim=6 root=0 eigenvalue=-85.598507413490
Davidson: iter=7 dim=7 root=0 eigenvalue=-85.598507413492
root no. 0 converged
Davidson converged in 7 iterations.
E(core)= 9.189534427600
E(0)= -76.408972985893
FCI Excitation energies = 1
0.000000000000

Vacuum coefficients in CI state 0 = 0.998754862010
Eigenvector 0 in string basis
0: 0.998754862010 seniority 0 ... 5
1 2 3 4 5
 | 5
1 2 3 4 5

Seniority vectors for all roots (nroots/seniority)
1 6
0.998362630113 0.000414203289 0.001214055439 0.000009099292 0.000000011868 0.000000000000

Calculating transition densities
Root 0 MO occupations numbers (density matrix diagonal)
10
1.999999801373 1.999533600155 1.999069076834 1.998895208266 1.997769320334 0.000712745599 0.000580228405 0.000828998467 0.002194364612 0.000416655954
Transition densities done:
Trandens between roots 0 0
10 10
1.999999801373 0.000000123768 -0.000000000000 -0.000000028417 0.000000000000 -0.000149598433 -0.000000000000 -0.000193374314 0.000000000000 -0.000000000000
0.000000123768 1.999533600155 0.000000000001 0.000004875248 0.000000000000 -0.000103755505 0.000000000158 -0.005356534904 0.000000000000 0.000000000137
-0.000000000000 0.000000000001 1.999069076834 0.000000000001 0.000000000000 -0.000000000010 -0.001137519553 -0.000000000038 0.000000000000 -0.001276151279
-0.000000028417 0.000004875248 0.000000000001 1.998895208266 0.000000000000 0.004336499220 0.000000000046 -0.006962479287 0.000000000000 0.000000000044
0.000000000000 0.000000000000 0.000000000000 0.000000000000 1.997769320334 0.000000000000 0.000000000000 0.000000000000 0.019876570970 0.000000000000
-0.000149598433 -0.000103755505 -0.000000000010 0.004336499220 0.000000000000 0.000712745599 0.000000000001 -0.000101236470 0.000000000000 0.000000000001
-0.000000000000 0.000000000158 -0.001137519553 0.000000000046 0.000000000000 0.000000000001 0.000580228405 -0.000000000000 0.000000000000 -0.000388777860
-0.000193374314 -0.005356534904 -0.000000000038 -0.006962479287 0.000000000000 -0.000101236470 -0.000000000000 0.000828998467 0.000000000000 -0.000000000004
0.000000000000 0.000000000000 0.000000000000 0.000000000000 0.019876570970 0.000000000000 0.000000000000 0.000000000000 0.002194364612 0.000000000000
-0.000000000000 0.000000000137 -0.001276151279 0.000000000044 0.000000000000 0.000000000001 -0.000388777860 -0.000000000004 0.000000000000 0.000416655954

State 0 :
Natural orbital occupations
10
1.999999832321 1.999548836397 1.999070538845 1.998928004974 1.997967277762 0.001996407184 0.000895726367 0.000843598742 0.000650081426 0.000099695981
Natural orbitals (in MO basis)
10 10
0.999998879206 -0.001466396883 0.000000000001 0.000276248645 -0.000000000000 -0.000000000000 0.000000000002 0.000043106267 -0.000114433968 0.000000000000
0.001454710915 0.999288918845 -0.000000001478 0.037581323296 -0.000000000000 0.000000000000 0.000000000065 0.002254541669 -0.001449713902 -0.000000000095
-0.000000000001 0.000000001280 0.999999634309 0.000000005292 -0.000000000000 0.000000000000 0.000039524375 0.000000000009 -0.000000000014 0.000854295218
0.000330971678 0.037571478715 0.000000005240 -0.999285455565 -0.000000000000 0.000000000000 0.000000000136 0.004105159405 0.000020207697 -0.000000000017
0.000000000000 0.000000000000 0.000000000000 -0.000000000000 0.999950409513 0.009958841084 0.000000000000 -0.000000000000 0.000000000000 0.000000000000
-0.000074178261 0.000029892740 0.000000000007 -0.002170778896 -0.000000000000 0.000000000000 -0.000000014461 -0.524491508235 -0.851412907532 -0.000000001997
0.000000000000 0.000000000079 -0.000569065027 -0.000000000023 0.000000000000 -0.000000000000 0.776432675838 -0.000000028750 0.000000003046 0.630199949266
-0.000101773784 -0.002808815909 -0.000000000033 0.003381396486 0.000000000000 0.000000000000 0.000000031174 0.851402795767 -0.524493990160 0.000000002969
0.000000000000 -0.000000000000 0.000000000000 -0.000000000000 0.009958841084 -0.999950409513 -0.000000000000 0.000000000000 -0.000000000000 -0.000000000000
0.000000000000 0.000000000069 -0.000638394463 -0.000000000023 0.000000000000 0.000000000000 -0.630200204957 0.000000018731 -0.000000002656 0.776432414396

