Number of strings: 252 252, CI size = 63504
String addressing array alpha: 5 10
0 70 105 120 125 126 126 126 126 126
0 0 35 55 65 69 70 70 70 70
0 0 0 15 25 31 34 35 35 35
0 0 0 0 5 9 12 14 15 15
0 0 0 0 0 1 2 3 4 5

Alpha strings 252 5
1 2 3 4 5
1 2 3 4 6
1 2 3 4 7
1 2 3 4 8
1 2 3 4 9
1 2 3 4 10
1 2 3 5 6
1 2 3 5 7
1 2 3 5 8
1 2 3 5 9
1 2 3 5 10
1 2 3 6 7
1 2 3 6 8
1 2 3 6 9
1 2 3 6 10
1 2 3 7 8
1 2 3 7 9
1 2 3 7 10
1 2 3 8 9
1 2 3 8 10
1 2 3 9 10
1 2 4 5 6
1 2 4 5 7
1 2 4 5 8
1 2 4 5 9
1 2 4 5 10
1 2 4 6 7
1 2 4 6 8
1 2 4 6 9
1 2 4 6 10
1 2 4 7 8
1 2 4 7 9
1 2 4 7 10
1 2 4 8 9
1 2 4 8 10
1 2 4 9 10
1 2 5 6 7
1 2 5 6 8
1 2 5 6 9
1 2 5 6 10
1 2 5 7 8
1 2 5 7 9
1 2 5 7 10
1 2 5 8 9
1 2 5 8 10
1 2 5 9 10
1 2 6 7 8
1 2 6 7 9
1 2 6 7 10
1 2 6 8 9
1 2 6 8 10
1 2 6 9 10
1 2 7 8 9
1 2 7 8 10
1 2 7 9 10
1 2 8 9 10
1 3 4 5 6
1 3 4 5 7
1 3 4 5 8
1 3 4 5 9
1 3 4 5 10
1 3 4 6 7
1 3 4 6 8
1 3 4 6 9
1 3 4 6 10
1 3 4 7 8
1 3 4 7 9
1 3 4 7 10
1 3 4 8 9
1 3 4 8 10
1 3 4 9 10
1 3 5 6 7
1 3 5 6 8
1 3 5 6 9
1 3 5 6 10
1 3 5 7 8
1 3 5 7 9
1 3 5 7 10
1 3 5 8 9
1 3 5 8 10
1 3 5 9 10
1 3 6 7 8
1 3 6 7 9
1 3 6 7 10
1 3 6 8 9
1 3 6 8 10
1 3 6 9 10
1 3 7 8 9
1 3 7 8 10
1 3 7 9 10
1 3 8 9 10
1 4 5 6 7
1 4 5 6 8
1 4 5 6 9
1 4 5 6 10
1 4 5 7 8
1 4 5 7 9
1 4 5 7 10
1 4 5 8 9
1 4 5 8 10
1 4 5 9 10
1 4 6 7 8
1 4 6 7 9
1 4 6 7 10
1 4 6 8 9
1 4 6 8 10
1 4 6 9 10
1 4 7 8 9
1 4 7 8 10
1 4 7 9 10
1 4 8 9 10
1 5 6 7 8
1 5 6 7 9
1 5 6 7 10
1 5 6 8 9
1 5 6 8 10
1 5 6 9 10
1 5 7 8 9
1 5 7 8 10
1 5 7 9 10
1 5 8 9 10
1 6 7 8 9
1 6 7 8 10
1 6 7 9 10
1 6 8 9 10
1 7 8 9 10
2 3 4 5 6
2 3 4 5 7
2 3 4 5 8
2 3 4 5 9
2 3 4 5 10
2 3 4 6 7
2 3 4 6 8
2 3 4 6 9
2 3 4 6 10
2 3 4 7 8
2 3 4 7 9
2 3 4 7 10
2 3 4 8 9
2 3 4 8 10
2 3 4 9 10
2 3 5 6 7
2 3 5 6 8
2 3 5 6 9
2 3 5 6 10
2 3 5 7 8
2 3 5 7 9
2 3 5 7 10
2 3 5 8 9
2 3 5 8 10
2 3 5 9 10
2 3 6 7 8
2 3 6 7 9
2 3 6 7 10
2 3 6 8 9
2 3 6 8 10
2 3 6 9 10
2 3 7 8 9
2 3 7 8 10
2 3 7 9 10
2 3 8 9 10
2 4 5 6 7
2 4 5 6 8
2 4 5 6 9
2 4 5 6 10
2 4 5 7 8
2 4 5 7 9
2 4 5 7 10
2 4 5 8 9
2 4 5 8 10
2 4 5 9 10
2 4 6 7 8
2 4 6 7 9
2 4 6 7 10
2 4 6 8 9
2 4 6 8 10
2 4 6 9 10
2 4 7 8 9
2 4 7 8 10
2 4 7 9 10
2 4 8 9 10
2 5 6 7 8
2 5 6 7 9
2 5 6 7 10
2 5 6 8 9
2 5 6 8 10
2 5 6 9 10
2 5 7 8 9
2 5 7 8 10
2 5 7 9 10
2 5 8 9 10
2 6 7 8 9
2 6 7 8 10
2 6 7 9 10
2 6 8 9 10
2 7 8 9 10
3 4 5 6 7
3 4 5 6 8
3 4 5 6 9
3 4 5 6 10
3 4 5 7 8
3 4 5 7 9
3 4 5 7 10
3 4 5 8 9
3 4 5 8 10
3 4 5 9 10
3 4 6 7 8
3 4 6 7 9
3 4 6 7 10
3 4 6 8 9
3 4 6 8 10
3 4 6 9 10
3 4 7 8 9
3 4 7 8 10
3 4 7 9 10
3 4 8 9 10
3 5 6 7 8
3 5 6 7 9
3 5 6 7 10
3 5 6 8 9
3 5 6 8 10
3 5 6 9 10
3 5 7 8 9
3 5 7 8 10
3 5 7 9 10
3 5 8 9 10
3 6 7 8 9
3 6 7 8 10
3 6 7 9 10
3 6 8 9 10
3 7 8 9 10
4 5 6 7 8
4 5 6 7 9
4 5 6 7 10
4 5 6 8 9
4 5 6 8 10
4 5 6 9 10
4 5 7 8 9
4 5 7 8 10
4 5 7 9 10
4 5 8 9 10
4 6 7 8 9
4 6 7 8 10
4 6 7 9 10
4 6 8 9 10
4 7 8 9 10
5 6 7 8 9
5 6 7 8 10
5 6 7 9 10
5 6 8 9 10
5 7 8 9 10
6 7 8 9 10

Is hamiltonian hermitian? 1
Implicit Hamiltonian constructed
E(core)= 9.189534427600
H(1,1) + E(core) energy = -76.304858429200
Davidson: iter=0 dim=0 root=0 eigenvalue=-85.494392856800
Davidson: iter=1 dim=1 root=0 eigenvalue=-85.514573383914
Davidson: iter=2 dim=2 root=0 eigenvalue=-85.515512024927
Davidson: iter=3 dim=3 root=0 eigenvalue=-85.515538195542
Davidson: iter=4 dim=4 root=0 eigenvalue=-85.515539463649
Davidson: iter=5 dim=5 root=0 eigenvalue=-85.515539520802
Davidson: iter=6 dim=6 root=0 eigenvalue=-85.515539524014
Davidson: iter=7 dim=7 root=0 eigenvalue=-85.515539524199
Davidson: iter=8 dim=8 root=0 eigenvalue=-85.515539524209
Davidson: iter=9 dim=9 root=0 eigenvalue=-85.515539524209
root no. 0 converged
Davidson converged in 9 iterations.
E(core)= 9.189534427600
E(0)= -76.326005096609
FCI Excitation energies = 1
0.000000000000

Vacuum coefficients in CI state 0 = -0.994643090399
Eigenvector 0 in string basis
0: -0.994643090399 seniority 0 ... 5
1 2 3 4 5
 | 5
1 2 3 4 5

Seniority vectors for all roots (nroots/seniority)
1 6
0.993329063219 0.002075296773 -0.990677223555 0.097253192084 1.000000000117 0.000000000000

Calculating transition densities
Root 0 MO occupations numbers (density matrix diagonal)
10
1.999998222978 1.997015546263 1.990972032209 1.991329688646 1.999293321710 0.003690107466 0.003408397149 0.005115297259 0.004768442183 0.004408944137
Transition densities done:
Trandens between roots 0 0
10 10
1.999998222978 0.000016973571 0.000000000000 -0.000000547135 0.000000000000 0.000263079887 0.000000000000 0.000000000000 0.000244728298 0.000075495547
0.000016973571 1.997015546263 0.000000000000 0.003098110972 0.000000000000 0.002156485024 0.000000000000 0.000000000000 0.000962641829 0.007605986801
0.000000000000 0.000000000000 1.990972032209 0.000000000000 0.000000000000 0.000000000000 -0.001387609150 -0.001784146350 0.000000000000 0.000000000000
-0.000000547135 0.003098110972 0.000000000000 1.991329688646 0.000000000000 -0.008256710733 0.000000000000 0.000000000000 -0.000831790859 0.003804132490
0.000000000000 0.000000000000 0.000000000000 0.000000000000 1.999293321710 0.000000000000 0.000000000000 0.000000000000 0.000000000000 0.000000000000
0.000263079887 0.002156485024 0.000000000000 -0.008256710733 0.000000000000 0.003690107466 0.000000000000 0.000000000000 0.003581919446 -0.002814289175
0.000000000000 0.000000000000 -0.001387609150 0.000000000000 0.000000000000 0.000000000000 0.003408397149 0.003452127126 0.000000000000 0.000000000000
0.000000000000 0.000000000000 -0.001784146350 0.000000000000 0.000000000000 0.000000000000 0.003452127126 0.005115297259 0.000000000000 0.000000000000
0.000244728298 0.000962641829 0.000000000000 -0.000831790859 0.000000000000 0.003581919446 0.000000000000 0.000000000000 0.004768442183 -0.002138032904
0.000075495547 0.007605986801 0.000000000000 0.003804132490 0.000000000000 -0.002814289175 0.000000000000 0.000000000000 -0.002138032904 0.004408944137

State 0 :
Natural orbital occupations
10
1.999998450021 1.999293321710 1.998414546793 1.990974608222 1.990004305876 0.009978067453 0.007815330650 0.002452285218 0.000705787745 0.000363296312
Natural orbitals (in MO basis)
10 10
0.999951609356 -0.000000000000 -0.009798294820 -0.000000000000 0.000859338159 -0.000133024752 -0.000000000000 0.000115216950 0.000000000000 0.000054160359
0.009312539299 0.000000000000 0.915050967467 0.000000000000 -0.403210944437 0.001082323184 0.000000000000 0.003429452478 0.000000000000 0.001733570847
-0.000000000000 -0.000000000000 0.000000000000 -0.999999350528 -0.000000000000 -0.000000000000 0.001139706452 -0.000000000000 0.000003628218 -0.000000000000
0.003164938863 -0.000000000000 0.403196020676 -0.000000000000 0.915096608675 0.003701891442 -0.000000000000 0.000889492069 -0.000000000000 -0.002579470669
-0.000000000000 -1.000000000000 0.000000000000 0.000000000000 -0.000000000000 -0.000000000000 0.000000000000 0.000000000000 -0.000000000000 -0.000000000000
0.000128861006 -0.000000000000 -0.000686506153 -0.000000000000 -0.004242877534 0.583382666566 0.000000000000 -0.092236921200 -0.000000000000 -0.806931549025
0.000000000000 0.000000000000 -0.000000000000 0.000699706967 -0.000000000000 -0.000000000000 0.616442391157 -0.000000000000 -0.787399700784 0.000000000000
0.000000000000 0.000000000000 0.000000000000 0.000899641107 0.000000000000 -0.000000000000 0.787399186851 -0.000000000000 0.616442788255 -0.000000000000
0.000125970995 0.000000000000 0.000266610407 0.000000000000 -0.000586713396 0.617319152595 0.000000000000 -0.595284618656 0.000000000000 0.514347018509
0.000079039707 0.000000000000 0.004259917289 0.000000000000 0.000215346793 -0.527794311328 -0.000000000000 -0.798195469509 -0.000000000000 -0.290342828168

