Number of strings: 126 126, CI size = 15876
String addressing array alpha: 5 9
0 35 50 55 56 56 56 56 56
0 0 20 30 34 35 35 35 35
0 0 0 10 16 19 20 20 20
0 0 0 0 4 7 9 10 10
0 0 0 0 0 1 2 3 4

Alpha strings 126 5
1 2 3 4 5
1 2 3 4 6
1 2 3 4 7
1 2 3 4 8
1 2 3 4 9
1 2 3 5 6
1 2 3 5 7
1 2 3 5 8
1 2 3 5 9
1 2 3 6 7
1 2 3 6 8
1 2 3 6 9
1 2 3 7 8
1 2 3 7 9
1 2 3 8 9
1 2 4 5 6
1 2 4 5 7
1 2 4 5 8
1 2 4 5 9
1 2 4 6 7
1 2 4 6 8
1 2 4 6 9
1 2 4 7 8
1 2 4 7 9
1 2 4 8 9
1 2 5 6 7
1 2 5 6 8
1 2 5 6 9
1 2 5 7 8
1 2 5 7 9
1 2 5 8 9
1 2 6 7 8
1 2 6 7 9
1 2 6 8 9
1 2 7 8 9
1 3 4 5 6
1 3 4 5 7
1 3 4 5 8
1 3 4 5 9
1 3 4 6 7
1 3 4 6 8
1 3 4 6 9
1 3 4 7 8
1 3 4 7 9
1 3 4 8 9
1 3 5 6 7
1 3 5 6 8
1 3 5 6 9
1 3 5 7 8
1 3 5 7 9
1 3 5 8 9
1 3 6 7 8
1 3 6 7 9
1 3 6 8 9
1 3 7 8 9
1 4 5 6 7
1 4 5 6 8
1 4 5 6 9
1 4 5 7 8
1 4 5 7 9
1 4 5 8 9
1 4 6 7 8
1 4 6 7 9
1 4 6 8 9
1 4 7 8 9
1 5 6 7 8
1 5 6 7 9
1 5 6 8 9
1 5 7 8 9
1 6 7 8 9
2 3 4 5 6
2 3 4 5 7
2 3 4 5 8
2 3 4 5 9
2 3 4 6 7
2 3 4 6 8
2 3 4 6 9
2 3 4 7 8
2 3 4 7 9
2 3 4 8 9
2 3 5 6 7
2 3 5 6 8
2 3 5 6 9
2 3 5 7 8
2 3 5 7 9
2 3 5 8 9
2 3 6 7 8
2 3 6 7 9
2 3 6 8 9
2 3 7 8 9
2 4 5 6 7
2 4 5 6 8
2 4 5 6 9
2 4 5 7 8
2 4 5 7 9
2 4 5 8 9
2 4 6 7 8
2 4 6 7 9
2 4 6 8 9
2 4 7 8 9
2 5 6 7 8
2 5 6 7 9
2 5 6 8 9
2 5 7 8 9
2 6 7 8 9
3 4 5 6 7
3 4 5 6 8
3 4 5 6 9
3 4 5 7 8
3 4 5 7 9
3 4 5 8 9
3 4 6 7 8
3 4 6 7 9
3 4 6 8 9
3 4 7 8 9
3 5 6 7 8
3 5 6 7 9
3 5 6 8 9
3 5 7 8 9
3 6 7 8 9
4 5 6 7 8
4 5 6 7 9
4 5 6 8 9
4 5 7 8 9
4 6 7 8 9
5 6 7 8 9

Is hamiltonian hermitian? 1
Implicit Hamiltonian constructed
E(core)= 9.189534427600
H(1,1) + E(core) energy = -76.364016949200
Davidson: iter=0 dim=0 root=0 eigenvalue=-85.553551376800
Davidson: iter=1 dim=1 root=0 eigenvalue=-85.559392254552
Davidson: iter=2 dim=2 root=0 eigenvalue=-85.559590270378
Davidson: iter=3 dim=3 root=0 eigenvalue=-85.559594403307
Davidson: iter=4 dim=4 root=0 eigenvalue=-85.559594490147
Davidson: iter=5 dim=5 root=0 eigenvalue=-85.559594491884
Davidson: iter=6 dim=6 root=0 eigenvalue=-85.559594491920
Davidson: iter=7 dim=7 root=0 eigenvalue=-85.559594491920
root no. 0 converged
Davidson converged in 7 iterations.
E(core)= 9.189534427600
E(0)= -76.370060064320
FCI Excitation energies = 1
0.000000000000

Vacuum coefficients in CI state 0 = -0.998386014407
Eigenvector 0 in string basis
0: -0.998386014407 seniority 0 ... 5
1 2 3 4 5
 | 5
1 2 3 4 5

Seniority vectors for all roots (nroots/seniority)
1 6
0.998242890567 0.000562498666 -0.997355071289 0.053887572316 1.000000000000 0.000000000000

Calculating transition densities
Root 0 MO occupations numbers (density matrix diagonal)
9
1.999999632653 1.999293782392 1.997182579124 1.997349378323 1.999785892667 0.001498473829 0.001443118679 0.002046951428 0.001400190905
Transition densities done:
Trandens between roots 0 0
9 9
1.999999632653 0.000001393780 -0.000000000000 -0.000004710915 0.000000000000 0.000247689771 -0.000000000000 -0.000000000000 0.000208517261
0.000001393780 1.999293782392 0.000000000000 -0.000330390990 0.000000000000 0.001397798979 0.000000000003 -0.000000000002 0.007386090917
-0.000000000000 0.000000000000 1.997182579124 -0.000000000001 0.000000000000 -0.000000000005 0.000095688095 0.000911959670 -0.000000000010
-0.000004710915 -0.000330390990 -0.000000000001 1.997349378323 0.000000000000 0.006409569155 0.000000000007 0.000000000244 -0.007813797650
0.000000000000 0.000000000000 0.000000000000 0.000000000000 1.999785892667 0.000000000000 0.000000000000 0.000000000000 0.000000000000
0.000247689771 0.001397798979 -0.000000000005 0.006409569155 0.000000000000 0.001498473829 0.000000000000 0.000000000001 -0.000348928133
-0.000000000000 0.000000000003 0.000095688095 0.000000000007 0.000000000000 0.000000000000 0.001443118679 0.001398610702 -0.000000000000
-0.000000000000 -0.000000000002 0.000911959670 0.000000000244 0.000000000000 0.000000000001 0.001398610702 0.002046951428 -0.000000000002
0.000208517261 0.007386090917 -0.000000000010 -0.007813797650 0.000000000000 -0.000348928133 -0.000000000000 -0.000000000002 0.001400190905

State 0 :
Natural orbital occupations
9
1.999999707856 1.999785892667 1.999385463727 1.997337128402 1.997183000622 0.003175564752 0.001745416491 0.001073741626 0.000314083857
Natural orbitals (in MO basis)
9 9
-0.999985700342 -0.000000000000 0.005101901070 0.001594829553 -0.000000000007 -0.000000000000 0.000030061961 -0.000159158867 -0.000000000000
-0.004741169434 -0.000000000000 -0.984378513959 0.175961110959 -0.000000000527 -0.000000000001 -0.001795006458 -0.003305745061 0.000000000001
0.000000000000 -0.000000000000 -0.000000000108 -0.000000003603 -0.999999894353 0.000386007032 0.000000000001 0.000000000005 -0.000249583110
0.002467569827 0.000000000000 0.175937994436 0.984385133786 -0.000000003566 0.000000000100 0.004963697014 0.001001651833 -0.000000000073
0.000000000000 -1.000000000000 0.000000000000 -0.000000000000 0.000000000000 0.000000000000 -0.000000000000 0.000000000000 -0.000000000000
-0.000119315160 -0.000000000000 -0.000122881426 0.003285313403 -0.000000000009 -0.000000000299 -0.774714303826 0.632302874283 -0.000000000023
0.000000000000 0.000000000000 -0.000000000001 0.000000000004 -0.000048266523 -0.628141299025 0.000000000479 0.000000000261 -0.778099290663
0.000000000000 -0.000000000000 0.000000000022 0.000000000119 -0.000457125257 -0.778099196412 0.000000000284 0.000000000003 0.628141251295
-0.000131478290 -0.000000000000 -0.004326531579 -0.003202974578 0.000000000017 0.000000000459 0.632289400676 0.774713571964 0.000000000279

